South Andaman,640,0.987590486039,0.00861771802827,0.00379179593244,0.0
Nicobar,638,1.0,0.0,0.0,0.0
North & Middle Andaman,639,1.0,0.0,0.0,0.0
Lawangtlai,287,1.0,0.0,0.0,0.0
Lunglei,286,1.0,0.0,0.0,0.0
Saiha,288,1.0,0.0,0.0,0.0
Dibang Valley,257,1.0,0.0,0.0,0.0
Upper Siang,252,1.0,0.0,0.0,0.0
Lower Dibang Valley,258,1.0,0.0,0.0,0.0
Tuensang,267,1.0,0.0,0.0,0.0
Mon,261,1.0,0.0,0.0,0.0
Tirap,254,1.0,0.0,0.0,0.0
Sivasagar,311,0.920846622209,0.0487097709481,0.0208756161206,0.00956799072195
Changlang,253,0.994410876133,0.00287009063444,0.00256797583082,0.000151057401813
Lohit,259,0.998442064265,0.00155793573515,0.0,0.0
Anjaw,260,1.0,0.0,0.0,0.0
Tinsukia,309,0.953935509714,0.0312437412377,0.0112157019828,0.00360504706589
Dhemaji,308,1.0,0.0,0.0,0.0
Dibrugarh,310,0.812738282126,0.109441578829,0.0426104507737,0.0352096882709
East Siang,251,1.0,0.0,0.0,0.0
West Siang,250,1.0,0.0,0.0,0.0
Upper Subansiri,249,1.0,0.0,0.0,0.0
Jorhat,312,0.982388973966,0.014293006636,0.00331801939765,0.0
Lakhimpur,307,1.0,0.0,0.0,0.0
Lower Subansiri,255,1.0,0.0,0.0,0.0
Papum Pare,248,0.998589846898,0.00141015310234,0.0,0.0
Kurung Kumey,256,1.0,0.0,0.0,0.0
East Kameng,247,1.0,0.0,0.0,0.0
West Kameng,246,1.0,0.0,0.0,0.0
Tawang,245,1.0,0.0,0.0,0.0
Sonitpur,306,0.99602590521,0.00397409478952,0.0,0.0
Golaghat,313,0.963064295486,0.0209758321933,0.0118559051528,0.00410396716826
Karbi Anglong,314,0.998374344196,0.00155176235868,7.38934456514e-05,0.0
Nagaon,305,0.989220404235,0.00904716073147,0.00173243503369,0.0
Marigaon,304,0.996520874751,0.00347912524851,0.0,0.0
Jaintia Hills,299,0.999796126402,0.000203873598369,0.0,0.0
Dima Hasao,315,1.0,0.0,0.0,0.0
Dimapur,265,0.939105613701,0.0418648905804,0.0180780209324,0.000951474785918
Peren,271,1.0,0.0,0.0,0.0
Kohima,270,0.990073145246,0.00992685475444,0.0,0.0
Wokha,264,0.999053478467,0.000946521533365,0.0,0.0
Phek,266,1.0,0.0,0.0,0.0
Zunheboto,263,1.0,0.0,0.0,0.0
Mokokchung,262,1.0,0.0,0.0,0.0
Longleng,268,1.0,0.0,0.0,0.0
Kiphire,269,1.0,0.0,0.0,0.0
Senapati,272,1.0,0.0,0.0,0.0
Ukhrul,279,1.0,0.0,0.0,0.0
Tamenglong,273,1.0,0.0,0.0,0.0
Imphal East,278,0.894336432798,0.0591715976331,0.0262045646661,0.0202874049028
Chandel,280,1.0,0.0,0.0,0.0
Thoubal,276,1.0,0.0,0.0,0.0
Bishnupur,275,1.0,0.0,0.0,0.0
Churachandpur,274,1.0,0.0,0.0,0.0
Champhai,284,1.0,0.0,0.0,0.0
Aizawl,283,0.9886626076,0.0065085030443,0.00356917908881,0.00125971026664
Serchhip,285,1.0,0.0,0.0,0.0
Mamit,281,1.0,0.0,0.0,0.0
Kolasib,282,1.0,0.0,0.0,0.0
Hailakandi,318,0.994148624927,0.00585137507314,0.0,0.0
Karimganj,317,0.992496873697,0.00750312630263,0.0,0.0
Cachar,316,0.988075657895,0.00925164473684,0.00267269736842,0.0
Imphal West,277,1.0,0.0,0.0,0.0
Ri Bhoi,297,0.998406120497,0.00159387950271,0.0,0.0
East Khasi Hills,298,0.977642837428,0.0113165884626,0.00634833011317,0.00469224399669
West Khasi Hills,296,1.0,0.0,0.0,0.0
West Tripura,289,0.948744769874,0.0303347280335,0.0120292887029,0.00889121338912
Dhalai,291,1.0,0.0,0.0,0.0
North Tripura,292,0.990057361377,0.00994263862333,0.0,0.0
South Tripura,290,0.995747873937,0.00425212606303,0.0,0.0
South Garo Hills,295,1.0,0.0,0.0,0.0
East Garo Hills,294,1.0,0.0,0.0,0.0
West Garo Hills,293,0.995148995149,0.004851004851,0.0,0.0
Dhubri,301,0.995977204157,0.00402279584311,0.0,0.0
Goalpara,302,0.996936039831,0.00306396016852,0.0,0.0
Bongaigaon,319,0.994886778671,0.00511322132944,0.0,0.0
Chirang,320,0.972086840939,0.019051838724,0.00753212228622,0.00132919805051
Kokrajhar,300,0.999033816425,0.000966183574879,0.0,0.0
Barpeta,303,1.0,0.0,0.0,0.0
Baksa,324,1.0,0.0,0.0,0.0
Kamrup,321,0.984912652197,0.010322922181,0.00476442562202,0.0
Kamrup Metropolitan,322,0.872762148338,0.0485933503836,0.0402813299233,0.0383631713555
Nalbari,323,1.0,0.0,0.0,0.0
Darrang,325,0.991428571429,0.00714285714286,0.00142857142857,0.0
Udalguri,326,1.0,0.0,0.0,0.0
Leh (ladakh),3,1.0,0.0,0.0,0.0
Data Not Available,0,0.996882376882,0.0026455026455,0.00039072039072,8.14000814001e-05
Punch,5,1.0,0.0,0.0,0.0
Kupwara,1,1.0,0.0,0.0,0.0
Baramula,8,0.989583333333,0.00761217948718,0.00280448717949,0.0
Bandipore,9,1.0,0.0,0.0,0.0
Ganderbal,11,1.0,0.0,0.0,0.0
Srinagar,10,0.942115768463,0.0419161676647,0.0159680638723,0.0
Badgam,2,0.979467258602,0.0205327413984,0.0,0.0
Pulwama,12,1.0,0.0,0.0,0.0
Shupiyan,13,1.0,0.0,0.0,0.0
Rajouri,6,0.997026022305,0.00297397769517,0.0,0.0
Kulgam,15,1.0,0.0,0.0,0.0
Anantnag,14,1.0,0.0,0.0,0.0
Kargil,4,1.0,0.0,0.0,0.0
Kishtwar,18,0.997508305648,0.00249169435216,0.0,0.0
Lahul & Spiti,25,1.0,0.0,0.0,0.0
Chamba,23,0.997433894901,0.00256610509874,0.0,0.0
Kangra,24,0.988686920046,0.0109317401805,0.000381339773738,0.0
Kullu,26,0.995374041766,0.00462595823421,0.0,0.0
Kinnaur,34,1.0,0.0,0.0,0.0
Mandi,27,0.988548208349,0.0114517916513,0.0,0.0
Hamirpur,28,0.991552956465,0.00844704353476,0.0,0.0
Solan,31,0.940404797601,0.0483508245877,0.0108695652174,0.000374812593703
Bilaspur,30,0.976175548589,0.0238244514107,0.0,0.0
Una,29,0.967726625534,0.0299003322259,0.00237304224015,0.0
Rupnagar,51,0.893312101911,0.0748407643312,0.0270700636943,0.00477707006369
Shahid Bhagat Singh Nagar,39,0.936687394008,0.0553985302431,0.00791407574901,0.0
Shimla,33,0.990859754356,0.00614110254213,0.00242787774921,0.000571265352756
Sirmaur,32,0.987149226331,0.012850773669,0.0,0.0
Uttarkashi,56,1.0,0.0,0.0,0.0
Chamoli,57,1.0,0.0,0.0,0.0
Tehri Garhwal,59,0.98126911315,0.0141437308869,0.0045871559633,0.0
Rudraprayag,58,1.0,0.0,0.0,0.0
Dehradun,60,0.907799711122,0.0534424650939,0.0226287915262,0.0161290322581
Garhwal,61,0.989379084967,0.0093954248366,0.00122549019608,0.0
Saharanpur,132,0.968481946938,0.015759026531,0.00837821663674,0.00738080989427
Hardwar,68,0.935242839352,0.0326899128269,0.0183686176837,0.013698630137
Muzaffarnagar,133,0.961311717023,0.0245025792189,0.00847457627119,0.0057111274871
Bijnor,134,0.985118532618,0.0134971448347,0.00138432254715,0.0
Almora,64,0.995440364771,0.00455963522918,0.0,0.0
Nainital,66,0.974896153152,0.0191439407621,0.00415387393896,0.00180603214737
Udham Singh Nagar,67,0.905773420479,0.0773420479303,0.0119825708061,0.00490196078431
Rampur,136,0.972546728972,0.0128504672897,0.00730140186916,0.00730140186916
Moradabad,135,0.942371475954,0.0335820895522,0.0116086235489,0.0124378109453
Bareilly,150,0.951204939255,0.026090420235,0.0111531567417,0.0115514837682
Budaun,149,0.987937453462,0.00804169769173,0.00402084884587,0.0
Jyotiba Phule Nagar,137,0.980832782551,0.0168539325843,0.00231328486451,0.0
Bulandshahr,142,0.962060194998,0.0241627808393,0.0103857566766,0.00339126748622
Ghaziabad,140,0.779215835554,0.112676056338,0.0464408070042,0.0616673011039
Meerut,138,0.88981348637,0.0510760401722,0.0232424677188,0.0358680057389
Baghpat,139,0.966101694915,0.0282485875706,0.00564971751412,0.0
Sonipat,76,0.788047255038,0.164002779708,0.0333564975678,0.0145934676859
North West,90,0.0152801358234,0.217317487267,0.288624787776,0.478777589134
Gautam Buddha Nagar,141,0.704715969989,0.128081457663,0.0610932475884,0.106109324759
Aligarh,143,0.962573336031,0.0176006473801,0.00748533279385,0.0123406837953
Faridabad,88,0.522441651706,0.228904847397,0.08078994614,0.167863554758
Palwal,89,0.926327812678,0.0462592804112,0.0188463735009,0.00856653340948
Mewat,87,0.953068592058,0.0422898401238,0.00361010830325,0.00103145951521
Gurgaon,86,0.568376068376,0.250915750916,0.0769230769231,0.103785103785
South,98,0.00595238095238,0.127976190476,0.10119047619,0.764880952381
New Delhi,94,0.0,0.0,0.0,1.0
South West,97,0.0207972270364,0.225303292894,0.129982668977,0.623916811092
Central,95,0.0,0.0,0.0,1.0
East,93,0.0,0.0,0.0,1.0
North East,92,0.0120481927711,0.10843373494,0.0481927710843,0.831325301205
North,91,0.0,0.0322580645161,0.0860215053763,0.881720430108
West,96,0.0,0.0,0.123456790123,0.876543209877
Jhajjar,83,0.938593082005,0.0415856976292,0.0116595413914,0.00816167897396
Alwar,104,0.964148527529,0.0252423632705,0.00585330162795,0.00475580757271
Rewari,85,0.869873417722,0.0820253164557,0.0384810126582,0.00962025316456
Rohtak,82,0.915357766143,0.0527923211169,0.0126527050611,0.0191972076789
Bhiwani,81,0.963408684339,0.0252073507887,0.00699300699301,0.00439095787933
Jind,77,0.935466078323,0.0435741864313,0.0146166574738,0.00634307777165
Panipat,75,0.713064713065,0.18315018315,0.0537240537241,0.0500610500611
Karnal,74,0.777088036117,0.178893905192,0.0307562076749,0.0132618510158
Kaithal,73,0.913943707538,0.0659980588806,0.0145583953413,0.00549983824005
Kurukshetra,72,0.762647754137,0.18061465721,0.0401891252955,0.016548463357
Patiala,48,0.852247441032,0.0963506898086,0.0300400534045,0.0213618157543
Ambala,70,0.81742535487,0.112579539892,0.0298580518845,0.0401370533529
Yamunanagar,71,0.868600682594,0.0857508532423,0.0200511945392,0.0255972696246
Panchkula,69,0.829713292789,0.11642050391,0.0208514335361,0.0330147697654
Sahibzada Ajit Singh Nagar,52,0.659574468085,0.23204787234,0.0764627659574,0.031914893617
Chandigarh,55,0.0,0.0188679245283,0.0691823899371,0.911949685535
Fatehgarh Sahib,40,0.857235142119,0.107235142119,0.0284237726098,0.00710594315245
Ludhiana,41,0.751335799425,0.155569256062,0.0374023838882,0.0556925606247
Sangrur,53,0.906526662549,0.0679431747993,0.017500514721,0.00802964793082
Barnala,54,0.918245264207,0.0643070787637,0.0109670987039,0.00648055832502
Moga,42,0.90794847628,0.0757147345272,0.0103675777568,0.00596921143575
Bathinda,46,0.915272887324,0.0598591549296,0.0143045774648,0.0105633802817
Faridkot,45,0.912977099237,0.0539440203562,0.0229007633588,0.0101781170483
Mansa,47,0.957632817754,0.0332885003362,0.00773369199731,0.00134498991258
Fatehabad,78,0.928926132837,0.052451893234,0.0127250155183,0.00589695841092
Sirsa,79,0.957431838171,0.0279683377309,0.00879507475814,0.00580474934037
Hisar,80,0.926585887384,0.0454383464006,0.0179971489665,0.00997861724875
Mahendragarh,84,0.950254602429,0.0379945162554,0.00900900900901,0.00274187230709
Jhunjhunun,103,0.956443990293,0.0321880189041,0.00970749776472,0.0016604930387
Churu,102,0.983764999729,0.0103708530162,0.0042895151219,0.00157463213336
Sikar,111,0.967627319384,0.0228977497039,0.00523095144098,0.00424397947098
Hanumangarh,100,0.975069669353,0.018302327333,0.00504632070498,0.00158168260902
Bikaner,101,0.990523578537,0.00542581387208,0.00172525878882,0.00232534880232
Ganganagar,99,0.969781757135,0.0217543368774,0.00573587017348,0.00272803581421
Muktsar,44,0.935988620199,0.0395448079659,0.0167852062589,0.0076813655761
Firozpur,43,0.916264547261,0.0576213454442,0.0170309395402,0.00908316775475
Amritsar,49,0.702250274424,0.231888035126,0.0271679473106,0.0386937431394
Gurdaspur,35,0.867511057499,0.106554081222,0.0174909529554,0.00844390832328
Tarn Taran,50,0.841702388242,0.144213104715,0.0110226576852,0.00306184935701
Kapurthala,36,0.882275132275,0.0890652557319,0.0189594356261,0.00970017636684
Jalandhar,37,0.801238738739,0.130349099099,0.0267454954955,0.0416666666667
Hoshiarpur,38,0.958975472108,0.0321250271326,0.00499240286521,0.00390709789451
Kathua,7,0.970841006753,0.0220994475138,0.00583179864948,0.0012277470841
Samba,22,0.963154016212,0.0338983050847,0.00294767870302,0.0
Jammu,21,0.796981674452,0.123607617679,0.0406036651096,0.0388070427596
Udhampur,19,0.975961538462,0.0168269230769,0.00721153846154,0.0
Doda,16,0.997579529737,0.00242047026279,0.0,0.0
Ramban,17,0.99935483871,0.000645161290323,0.0,0.0
Reasi,20,0.982389937107,0.0116352201258,0.00566037735849,0.000314465408805
Jaisalmer,114,0.998113919276,0.00135003672894,0.000317655700927,0.000218388294387
Jodhpur,113,0.982593559617,0.0092722768963,0.00307960099083,0.00505456249582
Nagaur,112,0.982751912852,0.0126226602689,0.00337180651018,0.00125362036917
Barmer,115,0.995925795149,0.00263465247033,0.000950647798571,0.000488904582122
Pali,118,0.986939132608,0.00893638295213,0.00274965629296,0.00137482814648
Jalor,116,0.994070860448,0.00469992769342,0.00122921185828,0.0
Sirohi,117,0.967727341276,0.0248831247172,0.0066354999246,0.000754034082341
Udaipur,130,0.980817074768,0.0101479638602,0.00340447819825,0.00563048317402
Banas Kantha,469,0.988200806156,0.00872114327593,0.00271161597655,0.000366434591425
Kachchh,468,0.990087018093,0.00553412711722,0.0024596120521,0.00191924273762
Jamnagar,477,0.950119973824,0.0286482949175,0.00894350323566,0.012288228023
Porbandar,478,0.942588726514,0.0375782881002,0.0104384133612,0.00939457202505
Rajkot,476,0.943233295583,0.033479614949,0.0121036240091,0.0111834654587
Junagadh,479,0.935474537037,0.0472608024691,0.0108024691358,0.00646219135802
Amreli,480,0.959786333401,0.0307397702076,0.00816367667809,0.00131021971377
Surendranagar,475,0.978648221938,0.0141342756184,0.00488685061274,0.00233065183069
Bhavnagar,481,0.94354685421,0.0382056643224,0.0112145979852,0.00703288348223
Ahmadabad,474,0.901054498867,0.0516408790776,0.0148812456884,0.0324233763674
Patan,470,0.985292077147,0.0105453031775,0.00416261967532,0.0
Mahesana,471,0.895055140519,0.0827107790822,0.0188545001779,0.00337958022056
Gandhinagar,473,0.730925175083,0.194987099152,0.0409141172134,0.0331736085514
Sabar Kantha,472,0.983833474218,0.012573964497,0.00285291631445,0.000739644970414
Dungarpur,124,0.988398591258,0.00994406463642,0.00165734410607,0.0
Kheda,483,0.960315893386,0.0315893385982,0.00473840078973,0.00335636722606
Panch Mahals,484,0.975420825264,0.0201102338746,0.00357515268881,0.000893788172203
Vadodara,486,0.914038603523,0.0508385191436,0.010863832929,0.0242590444046
Anand,482,0.924579489962,0.05832881172,0.0103092783505,0.00678241996744
Bharuch,488,0.811474175576,0.109320885409,0.0463785574462,0.032826381569
Narmada,487,0.993519301212,0.00648069878839,0.0,0.0
Nandurbar,497,0.988930885529,0.00782937365011,0.00283477321814,0.000404967602592
Alirajpur,465,0.995018975332,0.00450664136622,0.000474383301708,0.0
Jhabua,464,0.992194674013,0.00528007346189,0.00252525252525,0.0
Dohad,485,0.991437980241,0.00548847420417,0.002634467618,0.000439077936334
Banswara,125,0.989361702128,0.00592954307639,0.00331356818975,0.00139518660621
Ratlam,434,0.976392054705,0.0128622598502,0.00602409638554,0.00472158905894
Dhar,438,0.977965443603,0.015725101922,0.00446515239759,0.00184430207727
Barwani,441,0.990200380284,0.00687436009946,0.00263273365511,0.000292525961679
West Nimar,440,0.983435219878,0.0137053835535,0.00256359692368,0.00029579964504
Indore,439,0.876792567158,0.0603918400323,0.0252474247627,0.0375681680469
East Nimar,466,0.99114572221,0.00522722423725,0.00202688286751,0.00160017068487
Dewas,437,0.983102744386,0.00918575640735,0.00396915400318,0.00374234520299
Ujjain,435,0.966817301485,0.0200129115558,0.00619754680439,0.00697224015494
Sehore,445,0.986673069996,0.0088846200024,0.00336174810902,0.00108056189218
Shajapur,436,0.981433021807,0.0147040498442,0.00336448598131,0.000498442367601
Rajgarh,442,0.976208749041,0.0204655922231,0.00332565873625,0.0
Mandsaur,433,0.984619648053,0.0108078148815,0.00263267285576,0.00193986420951
Pratapgarh,131,0.993638676845,0.00563431479462,0.000363504180298,0.000363504180298
Jhalawar,129,0.985275767407,0.0106064387322,0.00361866733217,0.000499126528575
Kota,127,0.922134609969,0.0437904815545,0.0166150380175,0.017459870459
Baran,128,0.985081425806,0.0116159890673,0.00250540940667,0.000797175720305
Chittaurgarh,126,0.971919829077,0.0186183741988,0.00712178248042,0.00234001424356
Neemuch,432,0.975486526946,0.0187125748503,0.00336826347305,0.00243263473054
Rajsamand,123,0.958844415752,0.036313750807,0.00484183344093,0.0
Bhilwara,122,0.988241384411,0.00709954148795,0.00258837450081,0.00207069960065
Ajmer,119,0.952995308553,0.0266149404547,0.00974377481054,0.0106459761819
Jaipur,110,0.911310008137,0.0510577705452,0.0134933550312,0.024138866287
Tonk,120,0.988222811671,0.0079575596817,0.0026525198939,0.00116710875332
Dausa,109,0.970310094568,0.0226522982186,0.00571805586101,0.00131955135254
Sawai Madhopur,108,0.984427480916,0.00946564885496,0.00519083969466,0.000916030534351
Bundi,121,0.980593290823,0.0141391738287,0.00318824507901,0.00207929026892
Sheopur,418,0.995754216299,0.00271258403114,0.00153319966977,0.0
Shivpuri,423,0.993493049394,0.0039189588879,0.00147885241053,0.0011091393079
Guna,458,0.977123778904,0.014220353654,0.00544083096327,0.0032150364783
Gwalior,421,0.951305887561,0.0227239191383,0.0100339383208,0.0159362549801
Morena,419,0.978434996919,0.0164818237831,0.00323475046211,0.00184842883549
Dhaulpur,106,0.985576923077,0.00910931174089,0.0043016194332,0.00101214574899
Karauli,107,0.989285714286,0.00667701863354,0.00372670807453,0.000310559006211
Bharatpur,105,0.975881820923,0.0174856798312,0.00361772686162,0.00301477238468
Mathura,145,0.901880806707,0.0568774076592,0.0244731475187,0.0167686381147
Mahamaya Nagar,144,0.969462365591,0.0193548387097,0.00774193548387,0.00344086021505
Agra,146,0.918467956011,0.0362153962837,0.0136518771331,0.0316647705726
Bhind,420,0.980415736128,0.012197216973,0.00584092080399,0.00154612609517
Firozabad,147,0.94126984127,0.0380952380952,0.0146031746032,0.00603174603175
Etah,201,0.986989409985,0.00726172465961,0.00574886535552,0.0
Kansiram Nagar,202,0.988040123457,0.0096450617284,0.00231481481481,0.0
Shahjahanpur,152,0.979007323027,0.013018714402,0.00406834825061,0.00390561432059
Farrukhabad,159,0.971438523163,0.0156739811912,0.0107976314873,0.00208986415883
Mainpuri,148,0.987574131601,0.00988421349901,0.00254165489975,0.0
Etawah,161,0.982225148124,0.00987491770902,0.00691244239631,0.000987491770902
Kannauj,160,0.990055248619,0.00957642725599,0.00036832412523,0.0
Auraiya,162,0.945399007255,0.0290187094311,0.0133638793433,0.012218403971
Jalaun,165,0.985011788481,0.010609632873,0.00286291680701,0.001515661839
Datia,422,0.973415132924,0.0155419222904,0.00695296523517,0.0040899795501
Tikamgarh,424,0.988190184049,0.00858895705521,0.00276073619632,0.000460122699387
Jhansi,166,0.96534880171,0.0216760799878,0.00610593802473,0.00686918027782
Lalitpur,167,0.993057698241,0.00478247454489,0.00215982721382,0.0
Hamirpur,168,0.991485507246,0.00851449275362,0.0,0.0
Mahoba,169,0.992179072276,0.00782092772384,0.0,0.0
Chhatarpur,425,0.985652797704,0.0101327116212,0.00277977044476,0.00143472022956
Sagar,427,0.98555598013,0.00863584256783,0.00343905235002,0.00236912495224
Damoh,428,0.991151385928,0.00490405117271,0.00234541577825,0.00159914712154
Raisen,446,0.991292264937,0.00592867068087,0.00176007410838,0.00101899027327
Vidisha,443,0.990565026268,0.00664736785676,0.00203709660127,0.00075050927415
Ashoknagar,459,0.991262776129,0.00725354434553,0.00148367952522,0.0
Bhopal,444,0.873665993654,0.047014710124,0.0245168733776,0.054802422844
Harda,448,0.991634799235,0.00549713193117,0.00286806883365,0.0
Hoshangabad,449,0.976672950047,0.0172007540057,0.00459472196041,0.0015315739868
Betul,447,0.989656533754,0.00750098697197,0.00228977497039,0.000552704303198
Chhindwara,455,0.986623647241,0.0106204207838,0.00208375344491,0.000672178530618
Narsimhapur,452,0.980984511578,0.0157951234473,0.00291366354854,0.000306701426162
Jabalpur,451,0.936344019729,0.0336004932182,0.0110974106042,0.0189580764488
Seoni,456,0.996107540509,0.00217253553001,0.00144835702001,0.000271566941251
Mandla,454,0.995390739577,0.0033521893987,0.00125707102451,0.0
Balaghat,457,0.994582509244,0.00395562817095,0.0012898787514,0.00017198383352
Dindori,453,1.0,0.0,0.0,0.0
Katni,450,0.978469640644,0.0114622057001,0.00526641883519,0.00480173482032
Umaria,431,0.989900718932,0.0100992810681,0.0,0.0
Panna,426,0.996262504122,0.00230845333626,0.00131911619215,0.000109926349346
Satna,429,0.980039505146,0.01341095748,0.00322278823162,0.00332674914232
Banda,170,0.989416182998,0.0068282690338,0.00238989416183,0.00136565380676
Chitrakoot,171,0.992955974843,0.00553459119497,0.00150943396226,0.0
Shahdol,460,0.985227115836,0.00842192461687,0.00497031616733,0.00138064337981
Sidhi,462,0.995090819833,0.00392734413353,0.000981836033382,0.0
Rewa,430,0.984085862324,0.00912904021712,0.00370096225019,0.00308413520849
Kaushambi,174,0.969500571864,0.012581014106,0.00991231414411,0.00800609988563
Allahabad,175,0.949955449955,0.022275022275,0.0108405108405,0.016929016929
Sant Ravi Das Nagar(bhadohi),198,0.952380952381,0.0360983102919,0.0115207373272,0.0
Mirzapur,199,0.98347391978,0.0108452401446,0.00309864004132,0.00258220003443
Singrauli,463,0.960259529603,0.0166261151663,0.0121654501217,0.0109489051095
Koriya,400,0.984966856061,0.0116003787879,0.00331439393939,0.000118371212121
Anuppur,461,0.966041666667,0.0316666666667,0.00229166666667,0.0
Kabeerdham,407,0.999247837533,0.000752162467093,0.0,0.0
Bilaspur,406,0.986413301663,0.00665083135392,0.00323040380048,0.0037054631829
Korba,404,0.956140350877,0.0223503965393,0.013217976448,0.00829127613554
Surguja,401,0.995300469953,0.0034496550345,0.000949905009499,0.000299970003
Sonbhadra,200,0.958918296893,0.0216340621404,0.0107019562716,0.00874568469505
Garhwa,346,1.0,0.0,0.0,0.0
Jashpur,402,0.999727928173,0.000272071826962,0.0,0.0
Raigarh,403,0.989246107315,0.00761734065195,0.00201635487846,0.0011201971547
Gumla,366,1.0,0.0,0.0,0.0
Simdega,367,0.9997909699,0.000209030100334,0.0,0.0
Sundargarh,374,0.976888525929,0.0122498979175,0.00457329522254,0.00628828093099
Ranchi,364,0.960452878329,0.0242385584436,0.00908945941636,0.00621910381119
Lohardaga,356,1.0,0.0,0.0,0.0
Latehar,359,1.0,0.0,0.0,0.0
Chatra,347,0.994373827881,0.00541779537404,0.000208376745155,0.0
Palamu,358,0.996284501062,0.00371549893843,0.0,0.0
Rohtas,234,0.992960579244,0.00703942075623,0.0,0.0
Kaimur (bhabua),233,1.0,0.0,0.0,0.0
Aurangabad,235,0.997151673392,0.00284832660812,0.0,0.0
Gaya,236,0.985880138061,0.00894257922811,0.0037652965171,0.00141198619391
Bhojpur,231,0.992822185971,0.00717781402936,0.0,0.0
Arwal,240,1.0,0.0,0.0,0.0
Jehanabad,239,0.999166666667,0.000833333333333,0.0,0.0
Patna,230,0.921701304978,0.0311744804253,0.0176413726438,0.0294828419526
Buxar,232,0.994565217391,0.0054347826087,0.0,0.0
Ghazipur,195,0.992230347349,0.00639853747715,0.00137111517367,0.0
Chandauli,196,0.966605392157,0.0208333333333,0.00827205882353,0.00428921568627
Varanasi,197,0.847652347652,0.0594405594406,0.032967032967,0.0599400599401
Jaunpur,194,0.988129427532,0.00727551215776,0.00382921692514,0.000765843385028
Pratapgarh,173,0.986708203531,0.00809968847352,0.00353063343718,0.00166147455867
Azamgarh,191,0.98900306472,0.00685054984676,0.00360555255093,0.000540832882639
Ambedkar Nagar,178,0.9887342611,0.0112657388999,0.0,0.0
Sultanpur,179,0.986951983299,0.0080027835769,0.00434933890049,0.000695894224078
Faizabad,177,0.960526315789,0.0212765957447,0.0125979843225,0.00559910414334
Basti,185,0.980371352785,0.0114058355438,0.00663129973475,0.00159151193634
Gonda,183,0.984868545489,0.00870058634386,0.00416114999054,0.00226971817666
Sant Kabir Nagar,186,0.98898467433,0.0110153256705,0.0,0.0
Gorakhpur,188,0.952597994531,0.0198268003646,0.010483135825,0.0170920692799
Maharajganj,187,0.998421883219,0.00157811678064,0.0,0.0
Kushinagar,189,0.991516436903,0.0084835630965,0.0,0.0
Deoria,190,0.987376014427,0.00841599038173,0.0039074241058,0.000300571085062
Mau,192,0.974988631196,0.0172805820828,0.00773078672124,0.0
Ballia,193,0.990500641849,0.00770218228498,0.0017971758665,0.0
Siwan,218,0.997230875736,0.00276912426445,0.0,0.0
Saran (chhapra),219,0.98102189781,0.0160583941606,0.00262773722628,0.00029197080292
Muzaffarpur,216,0.979448742747,0.0113636363636,0.00604448742747,0.00314313346228
Gopalganj,217,0.999623635679,0.000376364320662,0.0,0.0
Purba Champaran,204,0.99422299249,0.00577700751011,0.0,0.0
Pashchim Champaran,203,0.998400232693,0.00159976730657,0.0,0.0
Siddharth Nagar,184,0.99865410498,0.00134589502019,0.0,0.0
Balrampur,182,0.99061784897,0.00755148741419,0.00183066361556,0.0
Shrawasti,181,1.0,0.0,0.0,0.0
Bahraich,180,0.989300122785,0.00736712857393,0.00333274864059,0.0
Kheri,153,0.993330717929,0.00470772852099,0.00196155355041,0.0
Sitapur,154,0.989211945797,0.00789369819761,0.00249967109591,0.00039468490988
Bara Banki,176,0.98710197501,0.0086658605401,0.00382910116888,0.000403063280935
Lucknow,157,0.835340156532,0.0538832028898,0.0343166767008,0.0764599638772
Hardoi,155,0.985428281804,0.00975671566143,0.00278763304612,0.00202736948809
Rae Bareli,158,0.977522477522,0.012321012321,0.00699300699301,0.0031635031635
Fatehpur,172,0.991505078486,0.00609418282548,0.00240073868883,0.0
Unnao,156,0.975829304884,0.0160026671112,0.00650108351392,0.00166694449075
Kanpur Nagar,164,0.895227939216,0.029592108771,0.0167955211943,0.0583844308184
Kanpur Dehat,163,0.997133986148,0.0028660138524,0.0,0.0
Pilibhit,151,0.992870622772,0.00545187670371,0.00167750052422,0.0
Bageshwar,63,1.0,0.0,0.0,0.0
Champawat,65,1.0,0.0,0.0,0.0
Pithoragarh,62,0.998566014545,0.00143398545529,0.0,0.0
North,241,1.0,0.0,0.0,0.0
East,244,1.0,0.0,0.0,0.0
Jalpaiguri,328,0.980792908151,0.014405318887,0.00381679389313,0.000984979069195
Koch Bihar,329,0.988720956463,0.00902323482969,0.00225580870742,0.0
Darjiling,327,0.967440746948,0.0234618146995,0.004309312904,0.00478812544889
South,243,1.0,0.0,0.0,0.0
West,242,1.0,0.0,0.0,0.0
Kishanganj,210,0.995228628231,0.00477137176938,0.0,0.0
Uttar Dinajpur,330,0.982548410232,0.013387520918,0.00382500597657,0.000239062873536
Purnia,211,0.985717686265,0.00952154248988,0.00428469412045,0.000476077124494
Katihar,212,0.989886219975,0.0070796460177,0.00303413400759,0.0
Araria,209,0.998354812174,0.00164518782561,0.0,0.0
Madhubani,207,0.999776735879,0.000223264121456,0.0,0.0
Sitamarhi,206,0.997368421053,0.00263157894737,0.0,0.0
Darbhanga,215,0.980808080808,0.0141414141414,0.00505050505051,0.0
Sheohar,205,1.0,0.0,0.0,0.0
Vaishali,220,0.980346820809,0.0173410404624,0.00231213872832,0.0
Samastipur,221,0.994416378623,0.00558362137729,0.0,0.0
Begusarai,222,0.946884984026,0.0355431309904,0.013178913738,0.00439297124601
Khagaria,223,0.996365524403,0.00363447559709,0.0,0.0
Saharsa,214,0.990393412626,0.0096065873742,0.0,0.0
Supaul,208,1.0,0.0,0.0,0.0
Madhepura,213,1.0,0.0,0.0,0.0
Bhagalpur,224,0.958231707317,0.0246951219512,0.0128048780488,0.00426829268293
Sahibganj,352,0.996458923513,0.00354107648725,0.0,0.0
Godda,351,0.985059068798,0.0149409312022,0.0,0.0
Banka,225,1.0,0.0,0.0,0.0
Pakur,353,0.99828104856,0.00171895143962,0.0,0.0
Dumka,362,0.998756476684,0.00124352331606,0.0,0.0
Jamtara,363,0.988265971317,0.00956106040852,0.00217296827466,0.0
Deoghar,350,0.977884615385,0.0153846153846,0.00544871794872,0.00128205128205
Jamui,238,1.0,0.0,0.0,0.0
Giridih,349,0.990950226244,0.00717740677173,0.00187236698393,0.0
Munger,226,0.962621885157,0.0314192849404,0.00595882990249,0.0
Lakhisarai,227,0.997549019608,0.00245098039216,0.0,0.0
Sheikhpura,228,1.0,0.0,0.0,0.0
Nawada,237,0.996866186149,0.00313381385146,0.0,0.0
Nalanda,229,0.986378737542,0.012292358804,0.00132890365449,0.0
Kodarma,348,0.995657568238,0.00434243176179,0.0,0.0
Hazaribagh,360,0.983039791259,0.0154381387258,0.00152207001522,0.0
Dhanbad,354,0.732596685083,0.132965009208,0.0780847145488,0.0563535911602
Bokaro,355,0.86749017406,0.0836608646828,0.0325659741718,0.0162829870859
Puruliya,340,0.980965586789,0.0150006302786,0.00340350434892,0.000630278583134
Ramgarh,361,0.822711471611,0.141946697567,0.0347624565469,0.000579374275782
Khunti,365,1.0,0.0,0.0,0.0
Pashchimi Singhbhum,368,0.995061457419,0.00493854258121,0.0,0.0
Saraikela-kharsawan,369,0.965990453461,0.0161097852029,0.01223150358,0.00566825775656
Purbi Singhbhum,357,0.949922446266,0.0208287170397,0.006647462885,0.022601373809
Pashchim Medinipur,344,0.980241492865,0.0130879000253,0.00447521742802,0.00219538968167
Bankura,339,0.975853077882,0.0160979480784,0.00612175490307,0.00192721913615
Barddhaman,335,0.849949647533,0.0805639476334,0.0464361642609,0.0230502405729
Birbhum,334,0.961604683196,0.0289256198347,0.00705922865014,0.00241046831956
Hugli,338,0.885570890841,0.0459222082811,0.024843161857,0.0436637390213
Haora,341,0.774193548387,0.109349371241,0.0393657736468,0.077091306725
North 24 Parganas,337,0.906622788976,0.0356506238859,0.0159056629645,0.0418209241739
Nadia,336,0.929789368104,0.0499498495486,0.0154463390171,0.00481444332999
Kolkata,342,0.0,0.0,0.0,1.0
South 24 Parganas,343,0.918271287976,0.0335187562402,0.0159748965911,0.0322350591927
Murshidabad,333,0.968804920914,0.022554188635,0.00571177504394,0.00292911540715
Maldah,332,0.981665228645,0.0107851596204,0.00388265746333,0.00366695427092
Dakshin Dinajpur,331,0.990720913633,0.00927908636688,0.0,0.0
Purba Medinipur,345,0.957785195366,0.0219909679953,0.00746122128412,0.0127626153544
Ganjam,388,0.986969754613,0.00922579417919,0.00218755944455,0.00161689176336
Puri,387,0.984357288597,0.00952165041941,0.0034005894355,0.0027204715484
Khordha,386,0.920690664325,0.0409716125256,0.0146327187591,0.0237050043898
Nayagarh,385,0.998966728663,0.00103327133705,0.0,0.0
Cuttack,381,0.936646974944,0.0295375840293,0.0179262578937,0.015889183133
Dhenkanal,383,0.990150429799,0.00698424068768,0.00286532951289,0.0
Anugul,384,0.94644204174,0.0282876540106,0.0167211465929,0.00854915765653
Jajapur,382,0.975697321182,0.0240265120133,0.00027616680475,0.0
Kendujhar,375,0.989444391133,0.0101717685443,0.000383840322426,0.0
Kendrapara,379,0.991580310881,0.00841968911917,0.0,0.0
Jagatsinghapur,380,0.947271045328,0.0277520814061,0.0124884366327,0.0124884366327
Baleshwar,377,0.976763314826,0.0158338474193,0.00452395640551,0.00287888134896
Bhadrak,378,0.981290322581,0.0148387096774,0.00387096774194,0.0
Mayurbhanj,376,0.994968361668,0.00282076694366,0.0012960280552,0.000914843333079
Debagarh,373,1.0,0.0,0.0,0.0
Sambalpur,372,0.979732132275,0.0111414009719,0.00663743036624,0.00248903638734
Jharsuguda,371,0.902255639098,0.0627819548872,0.0278195488722,0.00714285714286
Bargarh,370,0.991185787082,0.00605977138135,0.00247899738328,0.000275444153698
Subarnapur,392,0.997285374958,0.00271462504242,0.0,0.0
Balangir,393,0.989742337282,0.00867016729759,0.00158749542069,0.0
Bauda,391,1.0,0.0,0.0,0.0
Kandhamal,390,0.998701039169,0.00129896083133,0.0,0.0
Gajapati,389,0.998804304504,0.00119569549621,0.0,0.0
Rayagada,396,0.996819477956,0.00241280982672,0.000767712217592,0.0
Kalahandi,395,0.994393476045,0.00519877675841,0.000407747196738,0.0
Nuapada,394,0.999377076412,0.00062292358804,0.0,0.0
Raipur,410,0.973927562291,0.0159902388903,0.00353198047778,0.00655021834061
Nabarangapur,397,0.998020405056,0.00197959494442,0.0,0.0
Mahasamund,411,0.995274261603,0.00405063291139,0.000675105485232,0.0
Janjgir-champa,405,0.987880032868,0.0121199671323,0.0,0.0
Durg,409,0.956735679138,0.0226534212237,0.00863429579426,0.0119766038437
Dhamtari,412,0.991898834222,0.00573009286702,0.00237107291049,0.0
Rajnandgaon,408,0.993648903443,0.00466408653369,0.00138930237174,0.000297707651087
Gondiya,507,0.989492119089,0.00685931115003,0.00262697022767,0.00102159953298
Nagpur,505,0.932743362832,0.0347546259051,0.0139983909895,0.0185036202735
Bhandara,506,0.980745341615,0.0159420289855,0.00269151138716,0.000621118012422
Garhchiroli,508,0.997546696404,0.0023975466964,5.57568999164e-05,0.0
Uttar Bastar Kanker,413,0.999172479016,0.000827520983568,0.0,0.0
Chandrapur,509,0.961308677098,0.027667140825,0.00633001422475,0.00469416785206
Adilabad,532,0.981358323257,0.0145102781137,0.00372833534865,0.000403063280935
Narayanpur,415,1.0,0.0,0.0,0.0
Bijapur,417,1.0,0.0,0.0,0.0
Bastar,414,0.996410456496,0.00226297307842,0.00124853687085,7.80335544284e-05
Koraput,398,0.988638480164,0.00856770348296,0.00242130750605,0.000372508847085
Dakshin Bastar Dantewada,416,0.994327538884,0.00548947849954,0.000182982616651,0.0
Malkangiri,399,0.998044965787,0.0019550342131,0.0,0.0
Visakhapatnam,544,0.95946138501,0.0185950413223,0.00990310629809,0.0120404673696
East Godavari,545,0.959882361813,0.0280521830933,0.00829500037705,0.00377045471684
Khammam,541,0.981577344702,0.0139565570443,0.00319732034105,0.00126877791311
Warangal,540,0.979525656514,0.0133528327081,0.00368792522414,0.00343358555351
Karimnagar,534,0.956343792633,0.0291268758527,0.0100954979536,0.00443383356071
Krishna,547,0.960314417178,0.0261694785276,0.00891487730061,0.00460122699387
Nalgonda,539,0.981883637208,0.0145163163396,0.00307745906399,0.000522587388224
Guntur,548,0.964290846386,0.0261531829286,0.00581980169565,0.0037361689898
Prakasam,549,0.992928588044,0.00535008141428,0.00134915096534,0.000372179576646
West Godavari,546,0.974177908938,0.0205522765599,0.00453204047218,0.000737774030354
Yanam,634,0.782608695652,0.217391304348,0.0,0.0
Vizianagaram,543,0.989982578397,0.00638792102207,0.00275842044135,0.000871080139373
Srikakulam,542,0.99127198049,0.00667436786035,0.00179694519317,0.000256706456167
Sri Potti Sriramulu Nellore,550,0.978848339437,0.0159110998863,0.0037883571158,0.00145220356106
Y.s.r.,551,0.984254551419,0.0122464600077,0.0027882565196,0.000710732054016
Chittoor,554,0.975932017544,0.0181469298246,0.00427631578947,0.00164473684211
Thiruvallur,602,0.762659846547,0.131202046036,0.039641943734,0.0664961636829
Kancheepuram,604,0.786216850081,0.121414396536,0.0411329604907,0.0512357928919
Chennai,603,0.0,0.0,0.0,1.0
Vellore,605,0.916197279846,0.0570133260063,0.0200577002335,0.006731693914
Tiruvannamalai,606,0.982444294396,0.014314652262,0.00283592167454,0.000405131667792
Viluppuram,607,0.963786679087,0.0307405682347,0.00454122030741,0.00093153237075
Puducherry,635,0.439775910364,0.372549019608,0.0980392156863,0.0896358543417
Cuddalore,617,0.85979614949,0.0933182332956,0.0330690826727,0.0138165345413
Nagappattinam,618,0.91280838121,0.060155457925,0.0202771206489,0.00675904021629
Ariyalur,616,0.969475494411,0.0249355116079,0.00558899398108,0.0
Thanjavur,620,0.88608221892,0.0896483407628,0.0168400198118,0.0074294205052
Karaikal,637,0.404371584699,0.497267759563,0.0983606557377,0.0
Thiruvarur,619,0.922025129342,0.0561714708056,0.0133037694013,0.00849963045085
Virudunagar,625,0.93751201692,0.0449913478177,0.0132666794847,0.00422995577774
Pudukkottai,621,0.980133646379,0.0160736861116,0.00252844500632,0.00126422250316
Ramanathapuram,626,0.988893635199,0.00961127723195,0.00149508756941,0.0
Sivaganga,622,0.978411566647,0.0170330758566,0.00396118043177,0.000594177064765
Tiruchirappalli,614,0.918264755167,0.0510147086204,0.0150809905046,0.0156395457084
Madurai,623,0.920710868079,0.0455684666211,0.0152654363181,0.0184552289815
Dindigul,612,0.968407925731,0.0235554939726,0.00443397533601,0.00360260496051
Thoothukkudi,627,0.947099598687,0.028821597957,0.0173294418096,0.00674936154688
Tirunelveli,628,0.939122872407,0.0462169213567,0.00770282022612,0.00695738601068
Kollam,600,0.902579769179,0.0848608282417,0.0125594025798,0.0
Thiruvananthapuram,601,0.807677394339,0.144241954246,0.0275300504071,0.0205506010081
Kanniyakumari,629,0.848424212106,0.125062531266,0.0180090045023,0.00850425212606
Alappuzha,598,0.77824019025,0.206896551724,0.0148632580262,0.0
Pathanamthitta,599,0.990421455939,0.0095785440613,0.0,0.0
Kottayam,597,0.906214258483,0.0846359130766,0.00914982844072,0.0
Idukki,596,1.0,0.0,0.0,0.0
Theni,624,0.97341996456,0.0256940342587,0.000886001181335,0.0
Tiruppur,633,0.915913492576,0.0613298902518,0.0121045836023,0.01065203357
Coimbatore,632,0.825631768953,0.111371841155,0.0303249097473,0.0326714801444
Palakkad,593,0.971915371653,0.0217187792548,0.00468077139113,0.00168507770081
Thrissur,594,0.90358432898,0.0866907474298,0.00861350375104,0.00111141983884
Ernakulam,595,0.670391061453,0.215432960894,0.0506284916201,0.0635474860335
Lakshadweep,587,1.0,0.0,0.0,0.0
Dakshina Kannada,575,0.950754134109,0.0216245684172,0.0132654915501,0.014355805924
Udupi,569,0.98773402195,0.0122659780504,0.0,0.0
Kasaragod,588,0.985969387755,0.0140306122449,0.0,0.0
Kannur,589,0.954584161226,0.0377519159807,0.00652852682373,0.00113539596934
Mahe,636,0.0,1.0,0.0,0.0
Kozhikode,591,0.937072995325,0.0449478604818,0.0154620640058,0.00251708018698
Kodagu,576,0.999593495935,0.000406504065041,0.0,0.0
Chikmagalur,570,0.994694960212,0.00518971283589,0.000115326951909,0.0
Hassan,574,0.989478835332,0.00807438218742,0.00207976510888,0.000367017372156
Mysore,577,0.958499071864,0.0208167594802,0.00676213206046,0.0139220365951
Tumkur,571,0.986287415766,0.0097947030246,0.00203729822912,0.00188058298072
Mandya,573,0.971153846154,0.0226045883941,0.00438596491228,0.00185560053981
Wayanad,590,1.0,0.0,0.0,0.0
Chamrajnagar,578,0.993355972243,0.00664402775727,0.0,0.0
The Nilgiris,611,0.96914998359,0.0226452248113,0.00820479159829,0.0
Malappuram,592,0.995762711864,0.00423728813559,0.0,0.0
Erode,610,0.942861296889,0.0446350683338,0.00741494620529,0.00508868857226
Namakkal,609,0.898325947809,0.0839487936977,0.0150172328902,0.00270802560315
Salem,608,0.860834670947,0.109470304976,0.016051364366,0.0136436597111
Karur,613,0.950943396226,0.0359941944848,0.00928882438316,0.00377358490566
Perambalur,615,0.987081339713,0.0129186602871,0.0,0.0
Dharmapuri,630,0.988705795223,0.00870209220515,0.00259211257175,0.0
Krishnagiri,631,0.970597790773,0.0198180636777,0.00536062378168,0.00422352176738
Kolar,581,0.956303575162,0.0334518084884,0.00982646874347,0.000418147606105
Bangalore Rural,583,0.889410914348,0.093241778099,0.0162631008312,0.00108420672208
Chikkaballapura,582,0.981864774295,0.0181352257047,0.0,0.0
Bangalore,572,0.362213740458,0.286259541985,0.0893129770992,0.262213740458
Ramanagara,584,0.962716694372,0.0289717406792,0.00831156494894,0.0
Anantapur,553,0.985307423844,0.0102977293291,0.00344693868758,0.000947908139084
Chitradurga,566,0.989691733752,0.00795209110544,0.00157078342823,0.000785391714117
Davanagere,567,0.983277591973,0.00975473801561,0.00445930880713,0.00250836120401
Bellary,565,0.972708598259,0.0177051746063,0.00567348136555,0.00391274576934
Kurnool,552,0.98542746114,0.0101313841599,0.0030532938564,0.00138786084382
Mahbubnagar,538,0.987057615924,0.0112464854733,0.00116035167582,0.0005355469273
Raichur,559,0.983943168548,0.0109964966913,0.00369793694044,0.00136239782016
Koppal,560,0.976317347543,0.0201302545885,0.00296033155713,0.000592066311427
Bagalkot,556,0.980487804878,0.0181363352095,0.00137585991245,0.0
Gadag,561,0.988456757237,0.00941218256082,0.00213106020245,0.0
Belgaum,555,0.978095471837,0.0174868081973,0.00282243220027,0.00159528776537
Dharwad,562,0.959089154766,0.0214203010421,0.0109996140486,0.0084909301428
Haveri,564,0.981424148607,0.015823873409,0.00275197798418,0.0
Uttara Kannada,563,0.992694212193,0.00698108612712,0.000324701680331,0.0
Shimoga,568,0.986143867925,0.00786163522013,0.00383254716981,0.00216194968553
South Goa,586,0.886016949153,0.0826271186441,0.0245762711864,0.00677966101695
North Goa,585,0.821743388834,0.142997061704,0.0274240940255,0.00783545543585
Kolhapur,530,0.94351732991,0.0446084724005,0.00673940949936,0.00513478818999
Sindhudurg,529,0.999189627229,0.000810372771475,0.0,0.0
Ratnagiri,528,0.984174085064,0.0126607319486,0.0024727992087,0.000692383778437
Sangli,531,0.953099627472,0.0360110803324,0.00678192759576,0.00410736460025
Solapur,526,0.972114385696,0.0198479960632,0.00426485865821,0.00377275958226
Satara,527,0.979431853462,0.0163769015834,0.0037255510711,0.000465693883887
Pune,521,0.887984656853,0.072620775451,0.0154468173336,0.0239477503628
Raigarh,520,0.87081773846,0.0841556084836,0.0309629125553,0.0140637405013
Ahmadnagar,522,0.968427040865,0.0242248980753,0.00502512562814,0.00232293543188
Bid,523,0.984458617403,0.0101165603695,0.00403196246609,0.00139285976101
Osmanabad,525,0.98828460877,0.0097807394669,0.00161220980224,0.000322441960447
Parbhani,513,0.979846938776,0.0144132653061,0.00280612244898,0.00293367346939
Latur,524,0.97761732852,0.0141997593261,0.00469314079422,0.00348977135981
Gulbarga,579,0.97950208706,0.012969588551,0.00432319618366,0.00320512820513
Bijapur,557,0.991190457628,0.00553519918921,0.0017930926951,0.00148125048725
Yadgir,580,0.987585350714,0.0105524518932,0.00186219739292,0.0
Bidar,558,0.977870813397,0.01629784689,0.00328947368421,0.00254186602871
Rangareddy,537,0.824967546517,0.096603202077,0.0249891821722,0.0534400692341
Medak,535,0.956605190687,0.0332971709922,0.00751064007344,0.00258699824752
Hyderabad,536,0.0,0.0,0.0,1.0
Nizamabad,533,0.96450189802,0.0264696829794,0.00677131425054,0.00225710475018
Nanded,511,0.985342392549,0.00862661271853,0.00282464310253,0.0032063516299
Hingoli,512,0.990201134605,0.00825167612171,0.00154718927282,0.0
Jalna,514,0.986940298507,0.0077736318408,0.00331674958541,0.00196932006633
