South Andaman,640,0.972078593588,0.0155118924509,0.00517063081696,0.00344708721131,0.00172354360565,0.00206825232678,0.0,0.0
Nicobar,638,0.995017438964,0.00498256103637,0.0,0.0,0.0,0.0,0.0,0.0
North & Middle Andaman,639,1.0,0.0,0.0,0.0,0.0,0.0,0.0,0.0
Lawangtlai,287,1.0,0.0,0.0,0.0,0.0,0.0,0.0,0.0
Lunglei,286,0.995633950402,0.00436604959832,0.0,0.0,0.0,0.0,0.0,0.0
Saiha,288,1.0,0.0,0.0,0.0,0.0,0.0,0.0,0.0
Dibang Valley,257,1.0,0.0,0.0,0.0,0.0,0.0,0.0,0.0
Upper Siang,252,1.0,0.0,0.0,0.0,0.0,0.0,0.0,0.0
Lower Dibang Valley,258,1.0,0.0,0.0,0.0,0.0,0.0,0.0,0.0
Tuensang,267,1.0,0.0,0.0,0.0,0.0,0.0,0.0,0.0
Mon,261,1.0,0.0,0.0,0.0,0.0,0.0,0.0,0.0
Tirap,254,1.0,0.0,0.0,0.0,0.0,0.0,0.0,0.0
Sivasagar,311,0.771238040012,0.149608582198,0.0336329370832,0.0150768338649,0.012177442737,0.00869817338359,0.00753841693244,0.0020295737895
Changlang,253,0.987160120846,0.00725075528701,0.00135951661631,0.00151057401813,0.00166163141994,0.000906344410876,0.000151057401813,0.0
Lohit,259,0.995131450828,0.0033106134372,0.000973709834469,0.000584225900682,0.0,0.0,0.0,0.0
Anjaw,260,1.0,0.0,0.0,0.0,0.0,0.0,0.0,0.0
Tinsukia,309,0.829961946725,0.123973562988,0.020028039255,0.0112157019828,0.00680953334669,0.00440616863609,0.00300420588824,0.000600841177649
Dhemaji,308,0.999416909621,0.000583090379009,0.0,0.0,0.0,0.0,0.0,0.0
Dibrugarh,310,0.64184794797,0.170890334156,0.0708679076026,0.0385736712267,0.0269118636466,0.0156985871272,0.0161471181879,0.019062570083
East Siang,251,1.0,0.0,0.0,0.0,0.0,0.0,0.0,0.0
West Siang,250,1.0,0.0,0.0,0.0,0.0,0.0,0.0,0.0
Upper Subansiri,249,1.0,0.0,0.0,0.0,0.0,0.0,0.0,0.0
Jorhat,312,0.936447166922,0.0459418070444,0.0104645227157,0.00382848392037,0.00255232261358,0.000765696784074,0.0,0.0
Lakhimpur,307,0.991010047594,0.00898995240613,0.0,0.0,0.0,0.0,0.0,0.0
Lower Subansiri,255,0.999387254902,0.000612745098039,0.0,0.0,0.0,0.0,0.0,0.0
Papum Pare,248,0.982473811442,0.0161160354553,0.00141015310234,0.0,0.0,0.0,0.0,0.0
Kurung Kumey,256,1.0,0.0,0.0,0.0,0.0,0.0,0.0,0.0
East Kameng,247,1.0,0.0,0.0,0.0,0.0,0.0,0.0,0.0
West Kameng,246,1.0,0.0,0.0,0.0,0.0,0.0,0.0,0.0
Tawang,245,1.0,0.0,0.0,0.0,0.0,0.0,0.0,0.0
Sonitpur,306,0.968943185163,0.0270827200471,0.00338534000589,0.000588754783633,0.0,0.0,0.0,0.0
Golaghat,313,0.922024623803,0.0410396716826,0.0141358869129,0.00683994528044,0.00706794345645,0.00478796169631,0.00410396716826,0.0
Karbi Anglong,314,0.991428360304,0.00694598389123,0.00133008202172,0.000221680336954,7.38934456514e-05,0.0,0.0,0.0
Nagaon,305,0.962656400385,0.0265640038499,0.00673724735322,0.00230991337825,0.00173243503369,0.0,0.0,0.0
Marigaon,304,0.969681908549,0.0268389662028,0.00347912524851,0.0,0.0,0.0,0.0,0.0
Jaintia Hills,299,0.990621814475,0.00917431192661,0.000203873598369,0.0,0.0,0.0,0.0,0.0
Dima Hasao,315,0.989581689029,0.0104183109708,0.0,0.0,0.0,0.0,0.0,0.0
Dimapur,265,0.870599429115,0.0685061845861,0.0247383444339,0.0171265461465,0.00951474785918,0.00856327307326,0.000951474785918,0.0
Peren,271,1.0,0.0,0.0,0.0,0.0,0.0,0.0,0.0
Kohima,270,0.972831765935,0.0172413793103,0.00888192267503,0.00104493207941,0.0,0.0,0.0,0.0
Wokha,264,0.986748698533,0.0123047799337,0.000946521533365,0.0,0.0,0.0,0.0,0.0
Phek,266,1.0,0.0,0.0,0.0,0.0,0.0,0.0,0.0
Zunheboto,263,1.0,0.0,0.0,0.0,0.0,0.0,0.0,0.0
Mokokchung,262,0.991399904443,0.00860009555662,0.0,0.0,0.0,0.0,0.0,0.0
Longleng,268,1.0,0.0,0.0,0.0,0.0,0.0,0.0,0.0
Kiphire,269,1.0,0.0,0.0,0.0,0.0,0.0,0.0,0.0
Senapati,272,0.998887157801,0.00111284219898,0.0,0.0,0.0,0.0,0.0,0.0
Ukhrul,279,1.0,0.0,0.0,0.0,0.0,0.0,0.0,0.0
Tamenglong,273,1.0,0.0,0.0,0.0,0.0,0.0,0.0,0.0
Imphal East,278,0.78360101437,0.110735418428,0.0371935756551,0.021978021978,0.0143702451395,0.0118343195266,0.0143702451395,0.00591715976331
Chandel,280,0.999754601227,0.000245398773006,0.0,0.0,0.0,0.0,0.0,0.0
Thoubal,276,0.936612021858,0.0633879781421,0.0,0.0,0.0,0.0,0.0,0.0
Bishnupur,275,0.95623987034,0.0437601296596,0.0,0.0,0.0,0.0,0.0,0.0
Churachandpur,274,0.995735971346,0.00426402865427,0.0,0.0,0.0,0.0,0.0,0.0
Champhai,284,0.997187060478,0.0028129395218,0.0,0.0,0.0,0.0,0.0,0.0
Aizawl,283,0.978374973756,0.0102876338442,0.00398908251102,0.00251942053328,0.00209951711106,0.00146966197775,0.00125971026664,0.0
Serchhip,285,1.0,0.0,0.0,0.0,0.0,0.0,0.0,0.0
Mamit,281,0.999224806202,0.00077519379845,0.0,0.0,0.0,0.0,0.0,0.0
Kolasib,282,0.991294254208,0.00870574579222,0.0,0.0,0.0,0.0,0.0,0.0
Hailakandi,318,0.962551199532,0.031597425395,0.00585137507314,0.0,0.0,0.0,0.0,0.0
Karimganj,317,0.964568570238,0.0279283034598,0.00583576490204,0.00166736140058,0.0,0.0,0.0,0.0
Cachar,316,0.964638157895,0.0234375,0.00657894736842,0.00267269736842,0.00185032894737,0.000822368421053,0.0,0.0
Imphal West,277,0.968911917098,0.0310880829016,0.0,0.0,0.0,0.0,0.0,0.0
Ri Bhoi,297,0.971628944852,0.0267771756455,0.00127510360217,0.000318775900542,0.0,0.0,0.0,0.0
East Khasi Hills,298,0.945901186862,0.0317416505658,0.00690035881866,0.00441622964394,0.0035881865857,0.00276014352746,0.00331217223296,0.00138007176373
West Khasi Hills,296,0.998520710059,0.00147928994083,0.0,0.0,0.0,0.0,0.0,0.0
West Tripura,289,0.815115062762,0.133629707113,0.0214435146444,0.00889121338912,0.00575313807531,0.00627615062762,0.00496861924686,0.00392259414226
Dhalai,291,0.982267037552,0.0177329624478,0.0,0.0,0.0,0.0,0.0,0.0
North Tripura,292,0.951051625239,0.0390057361377,0.00688336520076,0.00305927342256,0.0,0.0,0.0,0.0
South Tripura,290,0.964732366183,0.0310155077539,0.00425212606303,0.0,0.0,0.0,0.0,0.0
South Garo Hills,295,0.996776792909,0.00322320709106,0.0,0.0,0.0,0.0,0.0,0.0
East Garo Hills,294,0.989199157007,0.0108008429926,0.0,0.0,0.0,0.0,0.0,0.0
West Garo Hills,293,0.985908985909,0.00924000924001,0.003927003927,0.000924000924001,0.0,0.0,0.0,0.0
Dhubri,301,0.974187060007,0.0217901441502,0.00368756285619,0.000335232986926,0.0,0.0,0.0,0.0
Goalpara,302,0.980850248947,0.0160857908847,0.00306396016852,0.0,0.0,0.0,0.0,0.0
Bongaigaon,319,0.964207450694,0.0306793279766,0.00438276113952,0.00073046018992,0.0,0.0,0.0,0.0
Chirang,320,0.942401417811,0.029685423128,0.00930438635357,0.0097474523704,0.0048737261852,0.00265839610102,0.00132919805051,0.0
Kokrajhar,300,0.982608695652,0.0164251207729,0.000966183574879,0.0,0.0,0.0,0.0,0.0
Barpeta,303,0.973071808511,0.0269281914894,0.0,0.0,0.0,0.0,0.0,0.0
Baksa,324,1.0,0.0,0.0,0.0,0.0,0.0,0.0,0.0
Kamrup,321,0.940179989412,0.0447326627845,0.00635256749603,0.00397035468502,0.00397035468502,0.000794070937004,0.0,0.0
Kamrup Metropolitan,322,0.771099744246,0.101662404092,0.0306905370844,0.0179028132992,0.0210997442455,0.0191815856777,0.0217391304348,0.0166240409207
Nalbari,323,0.97693452381,0.0230654761905,0.0,0.0,0.0,0.0,0.0,0.0
Darrang,325,0.964761904762,0.0266666666667,0.00380952380952,0.00333333333333,0.00047619047619,0.000952380952381,0.0,0.0
Udalguri,326,0.992495309568,0.00750469043152,0.0,0.0,0.0,0.0,0.0,0.0
Leh (ladakh),3,0.999682147272,0.000317852728236,0.0,0.0,0.0,0.0,0.0,0.0
Data Not Available,0,0.981391941392,0.0154904354904,0.00210012210012,0.000545380545381,0.00030118030118,8.95400895401e-05,7.32600732601e-05,8.14000814001e-06
Punch,5,0.988680369377,0.0113196306226,0.0,0.0,0.0,0.0,0.0,0.0
Kupwara,1,1.0,0.0,0.0,0.0,0.0,0.0,0.0,0.0
Baramula,8,0.958733974359,0.0308493589744,0.00400641025641,0.00360576923077,0.00280448717949,0.0,0.0,0.0
Bandipore,9,1.0,0.0,0.0,0.0,0.0,0.0,0.0,0.0
Ganderbal,11,1.0,0.0,0.0,0.0,0.0,0.0,0.0,0.0
Srinagar,10,0.864271457086,0.0778443113772,0.0239520958084,0.0179640718563,0.0159680638723,0.0,0.0,0.0
Badgam,2,0.914539400666,0.0649278579356,0.0183129855716,0.00221975582686,0.0,0.0,0.0,0.0
Pulwama,12,0.991869918699,0.00813008130081,0.0,0.0,0.0,0.0,0.0,0.0
Shupiyan,13,1.0,0.0,0.0,0.0,0.0,0.0,0.0,0.0
Rajouri,6,0.976579925651,0.0204460966543,0.00297397769517,0.0,0.0,0.0,0.0,0.0
Kulgam,15,1.0,0.0,0.0,0.0,0.0,0.0,0.0,0.0
Anantnag,14,0.995691609977,0.00430839002268,0.0,0.0,0.0,0.0,0.0,0.0
Kargil,4,1.0,0.0,0.0,0.0,0.0,0.0,0.0,0.0
Kishtwar,18,0.992857142857,0.0046511627907,0.00174418604651,0.000747508305648,0.0,0.0,0.0,0.0
Lahul & Spiti,25,1.0,0.0,0.0,0.0,0.0,0.0,0.0,0.0
Chamba,23,0.985161218342,0.0122726765592,0.00256610509874,0.0,0.0,0.0,0.0,0.0
Kangra,24,0.914579890683,0.0741070293632,0.00953349434346,0.00139824583704,0.000381339773738,0.0,0.0,0.0
Kullu,26,0.97237642083,0.0229976209358,0.00462595823421,0.0,0.0,0.0,0.0,0.0
Kinnaur,34,0.996156889341,0.00384311065898,0.0,0.0,0.0,0.0,0.0,0.0
Mandi,27,0.944588104913,0.0439601034355,0.00868119689693,0.00277059475434,0.0,0.0,0.0,0.0
Hamirpur,28,0.896686159844,0.0948667966212,0.00844704353476,0.0,0.0,0.0,0.0,0.0
Solan,31,0.75299850075,0.187406296852,0.0359820089955,0.0123688155922,0.00749625187406,0.00337331334333,0.000374812593703,0.0
Bilaspur,30,0.813166144201,0.163009404389,0.0181818181818,0.00564263322884,0.0,0.0,0.0,0.0
Una,29,0.799240626483,0.168485999051,0.0199335548173,0.00996677740864,0.00237304224015,0.0,0.0,0.0
Rupnagar,51,0.417728237792,0.475583864119,0.0504246284501,0.0244161358811,0.0175159235669,0.00955414012739,0.00477707006369,0.0
Shahid Bhagat Singh Nagar,39,0.334652345958,0.60203504805,0.0446579988694,0.0107405313737,0.00621820237422,0.00169587337479,0.0,0.0
Shimla,33,0.965581262496,0.0252784918595,0.00442730648386,0.00171379605827,0.00142816338189,0.000999714367324,0.000571265352756,0.0
Sirmaur,32,0.931025439287,0.0561237870443,0.00917912404931,0.00367164961972,0.0,0.0,0.0,0.0
Uttarkashi,56,0.997260774288,0.0027392257122,0.0,0.0,0.0,0.0,0.0,0.0
Chamoli,57,0.995850622407,0.00414937759336,0.0,0.0,0.0,0.0,0.0,0.0
Tehri Garhwal,59,0.943998470948,0.0372706422018,0.00993883792049,0.00420489296636,0.00210244648318,0.00248470948012,0.0,0.0
Rudraprayag,58,1.0,0.0,0.0,0.0,0.0,0.0,0.0,0.0
Dehradun,60,0.77636013481,0.131439576312,0.0349061145883,0.0185363505055,0.0120365912374,0.0105922002889,0.00625902744343,0.00987000481464
Garhwal,61,0.960103485839,0.0292755991285,0.00708061002179,0.00231481481481,0.00108932461874,0.000136165577342,0.0,0.0
Saharanpur,132,0.898663474965,0.0698184719729,0.0097745860762,0.00598444045482,0.00458807101536,0.00379014562138,0.0031917015759,0.00418910831837
Hardwar,68,0.867683686177,0.0675591531756,0.0202366127024,0.0124533001245,0.00840597758406,0.00996264009963,0.0112079701121,0.00249066002491
Muzaffarnagar,133,0.883566691231,0.0777450257922,0.0167649226234,0.00773765659543,0.0057111274871,0.00276344878408,0.0023949889462,0.0033161385409
Bijnor,134,0.925765703409,0.0593528292092,0.00951721751168,0.00397992732307,0.00138432254715,0.0,0.0,0.0
Almora,64,0.975281977442,0.020158387329,0.00359971202304,0.000959923206144,0.0,0.0,0.0,0.0
Nainital,66,0.912768647282,0.0621275058696,0.014448257179,0.00469568358317,0.00216723857685,0.00198663536211,0.00180603214737,0.0
Udham Singh Nagar,67,0.55582788671,0.349945533769,0.0536492374728,0.0236928104575,0.00762527233115,0.00435729847495,0.00462962962963,0.000272331154684
Rampur,136,0.932827102804,0.0397196261682,0.00846962616822,0.0043808411215,0.00496495327103,0.00233644859813,0.00379672897196,0.0035046728972
Moradabad,135,0.85675787728,0.0856135986733,0.0250829187396,0.0084991708126,0.00725538971808,0.00435323383085,0.00497512437811,0.00746268656716
Bareilly,150,0.889464250149,0.0617406891058,0.0173272256523,0.00876319458275,0.00697072296355,0.00418243377813,0.00517825134435,0.00637323242382
Budaun,149,0.971854058079,0.0160833953835,0.00446760982874,0.00357408786299,0.00253164556962,0.00148920327625,0.0,0.0
Jyotiba Phule Nagar,137,0.938532716457,0.0423000660939,0.00991407799075,0.00693985459352,0.00231328486451,0.0,0.0,0.0
Bulandshahr,142,0.890419669351,0.0716405256465,0.015260703688,0.00890207715134,0.00614667231878,0.00423908435778,0.00211954217889,0.00127172530733
Ghaziabad,140,0.523030072326,0.256185763228,0.0734678340312,0.0392082223068,0.0232204035021,0.0232204035021,0.0216977540921,0.0399695470118
Meerut,138,0.737446197991,0.152367288379,0.0338593974175,0.0172166427547,0.0131994261119,0.0100430416069,0.0111908177905,0.0246771879484
Baghpat,139,0.880225988701,0.0858757062147,0.0180790960452,0.0101694915254,0.0045197740113,0.00112994350282,0.0,0.0
Sonipat,76,0.421125781793,0.366921473245,0.107713690063,0.0562890896456,0.0215427380125,0.0118137595552,0.0090340514246,0.00555941626129
North West,90,0.0,0.0152801358234,0.0696095076401,0.147707979626,0.132427843803,0.156196943973,0.129032258065,0.34974533107
Gautam Buddha Nagar,141,0.515005359057,0.189710610932,0.0841371918542,0.0439442658092,0.0289389067524,0.032154340836,0.0316184351554,0.0744908896034
Aligarh,143,0.918470564435,0.0441027715962,0.0111268460449,0.00647380133522,0.00384381954279,0.00364151325106,0.00364151325106,0.0086991705442
Faridabad,88,0.109515260323,0.412926391382,0.152603231598,0.0763016157989,0.0466786355476,0.0341113105925,0.0394973070018,0.128366247756
Palwal,89,0.471159337521,0.455168475157,0.0331239291833,0.0131353512279,0.0131353512279,0.00571102227299,0.00571102227299,0.00285551113649
Mewat,87,0.720990201135,0.232078390923,0.0340381640021,0.00825167612171,0.00309437854564,0.000515729757607,0.00103145951521,0.0
Gurgaon,86,0.0720390720391,0.496336996337,0.179487179487,0.0714285714286,0.0433455433455,0.0335775335775,0.0225885225885,0.0811965811966
South,98,0.0,0.00595238095238,0.0625,0.0654761904762,0.0535714285714,0.047619047619,0.0892857142857,0.675595238095
New Delhi,94,0.0,0.0,0.0,0.0,0.0,0.0,0.0,1.0
South West,97,0.0,0.0207972270364,0.107452339688,0.117850953206,0.0849220103986,0.0450606585789,0.0883882149047,0.535528596187
Central,95,0.0,0.0,0.0,0.0,0.0,0.0,0.0,1.0
East,93,0.0,0.0,0.0,0.0,0.0,0.0,0.0,1.0
North East,92,0.0,0.0120481927711,0.0602409638554,0.0481927710843,0.0361445783133,0.0120481927711,0.0120481927711,0.819277108434
North,91,0.0,0.0,0.010752688172,0.0215053763441,0.0430107526882,0.0430107526882,0.0752688172043,0.806451612903
West,96,0.0,0.0,0.0,0.0,0.0493827160494,0.0740740740741,0.0864197530864,0.79012345679
Jhajjar,83,0.544500582977,0.394092499028,0.0307034589973,0.0108822386319,0.00582977069569,0.00582977069569,0.00505246793626,0.0031092110377
Alwar,104,0.879641485275,0.0845070422535,0.0176513627218,0.00759100054875,0.00411560270715,0.0017376989208,0.00210353027254,0.00265227730016
Rewari,85,0.22582278481,0.644050632911,0.0546835443038,0.0273417721519,0.0222784810127,0.0162025316456,0.00556962025316,0.00405063291139
Rohtak,82,0.55410122164,0.361256544503,0.0379581151832,0.0148342059337,0.0065445026178,0.00610820244328,0.00698080279232,0.0122164048866
Bhiwani,81,0.700926979997,0.262481704342,0.020165880631,0.00504147015775,0.00390307367052,0.00308993332249,0.00243942104407,0.00195153683526
Jind,77,0.518477661335,0.416988416988,0.0303364589079,0.0132377275234,0.00882515168229,0.00579150579151,0.00413678985108,0.00220628792057
Panipat,75,0.111721611722,0.601343101343,0.130036630037,0.0531135531136,0.030525030525,0.023199023199,0.0177045177045,0.0323565323565
Karnal,74,0.130925507901,0.646162528217,0.128386004515,0.0505079006772,0.0183408577878,0.0124153498871,0.00677200902935,0.00648984198646
Kaithal,73,0.26334519573,0.650598511808,0.0514396635393,0.0145583953413,0.0106761565836,0.00388223875768,0.00258815917179,0.00291167906826
Kurukshetra,72,0.00992907801418,0.752718676123,0.136170212766,0.0444444444444,0.0208037825059,0.0193853427896,0.0127659574468,0.00378250591017
Patiala,48,0.0431686693369,0.809078771696,0.0672007120605,0.0291499777481,0.0182465509568,0.0117935024477,0.00912327547842,0.0122385402759
Ambala,70,0.0655898188938,0.751835535977,0.0856583455702,0.0269211943221,0.0141948115516,0.0156632403328,0.0176211453744,0.0225159079785
Yamunanagar,71,0.326791808874,0.54180887372,0.0720989761092,0.0136518771331,0.0123720136519,0.00767918088737,0.0110921501706,0.0145051194539
Panchkula,69,0.529973935708,0.299739357081,0.0781928757602,0.0382276281494,0.01303214596,0.00781928757602,0.0112945264987,0.0217202432667
Sahibzada Ajit Singh Nagar,52,0.105718085106,0.553856382979,0.157579787234,0.0744680851064,0.0538563829787,0.0226063829787,0.0119680851064,0.0199468085106
Chandigarh,55,0.0,0.0,0.0,0.0188679245283,0.0377358490566,0.0314465408805,0.100628930818,0.811320754717
Fatehgarh Sahib,40,0.0251937984496,0.832041343669,0.0801033591731,0.0271317829457,0.0167958656331,0.0116279069767,0.00387596899225,0.00322997416021
Ludhiana,41,0.0739827373613,0.677353062063,0.115084258118,0.0404849979449,0.0217838060008,0.0156185778874,0.0152075626798,0.0404849979449
Sangrur,53,0.245007206094,0.661519456455,0.0504426600782,0.017500514721,0.0100885320156,0.00741198270537,0.00576487543751,0.00226477249331
Barnala,54,0.347956131605,0.570289132602,0.049850448654,0.0144566301097,0.00548354935194,0.00548354935194,0.00398803589232,0.0024925224327
Moga,42,0.0666038328621,0.841344643418,0.0581212692429,0.0175934652843,0.00596921143575,0.00439836632108,0.00345585925228,0.00251335218347
Bathinda,46,0.460387323944,0.45488556338,0.0451144366197,0.0147447183099,0.00902288732394,0.00528169014085,0.0044014084507,0.00616197183099
Faridkot,45,0.235623409669,0.677353689567,0.0335877862595,0.0203562340967,0.0132315521628,0.00966921119593,0.00814249363868,0.00203562340967
Mansa,47,0.746133154001,0.211499663753,0.0265635507734,0.00672494956288,0.00504371217216,0.00268997982515,0.00134498991258,0.0
Fatehabad,78,0.342644320298,0.586281812539,0.0378646803228,0.0145872129112,0.00775915580385,0.00496585971446,0.00496585971446,0.000931098696462
Sirsa,79,0.687598944591,0.26983289358,0.0198768689534,0.00809146877748,0.00580474934037,0.00299032541777,0.00299032541777,0.0028144239226
Hisar,80,0.648253741981,0.278332145403,0.0324305060584,0.0130078403421,0.0096222380613,0.0083749109052,0.00445473984319,0.00552387740556
Mahendragarh,84,0.540932236584,0.409322365844,0.0274187230709,0.0105757931845,0.00587544065805,0.00313356835096,0.00235017626322,0.00039169604387
Jhunjhunun,103,0.84008174735,0.116362242943,0.0233746327756,0.0088133861285,0.00574786051858,0.00395963724614,0.00114957210372,0.000510920934985
Churu,102,0.960959982625,0.0228050171038,0.00711299342998,0.00325785958625,0.002606287669,0.0016832274529,0.00152033447358,5.42976597709e-05
Sikar,111,0.860836952231,0.106790367154,0.0149032767469,0.00799447295697,0.00227003553099,0.00296091590999,0.00217133833399,0.00207264113699
Hanumangarh,100,0.897491903291,0.0775777660616,0.0128040973111,0.00549823002184,0.00346463809596,0.00158168260902,0.00143104617007,0.000150636438955
Bikaner,101,0.978571785768,0.0119517927689,0.00370055508326,0.00172525878882,0.0010001500225,0.000725108766315,0.000700105015752,0.00162524378657
Ganganagar,99,0.893606603246,0.0761751538892,0.0142697257974,0.00748461108002,0.00363738108562,0.00209848908786,0.00160884163402,0.00111919418019
Muktsar,44,0.321479374111,0.614509246088,0.0247510668563,0.0147937411095,0.00938833570413,0.00739687055477,0.00625889046942,0.00142247510669
Firozpur,43,0.290519443656,0.625745103605,0.0431450468351,0.0144762986091,0.00993471473176,0.0070962248084,0.00468350837355,0.00439965938121
Amritsar,49,0.0274423710209,0.674807903403,0.192645444566,0.0392425905598,0.0170142700329,0.0101536772777,0.0112513721186,0.0274423710209
Gurdaspur,35,0.204865299558,0.662645757941,0.0854443104142,0.0211097708082,0.0102533172497,0.00723763570567,0.00562927221552,0.00281463610776
Tarn Taran,50,0.0575627679118,0.784139620331,0.130128597673,0.0140845070423,0.00734843845683,0.00367421922841,0.00275566442131,0.000306184935701
Kapurthala,36,0.338624338624,0.543650793651,0.0723104056437,0.0167548500882,0.00925925925926,0.00970017636684,0.00529100529101,0.00440917107584
Jalandhar,37,0.11204954955,0.689189189189,0.0920608108108,0.0382882882883,0.0154842342342,0.0112612612613,0.00872747747748,0.0329391891892
Hoshiarpur,38,0.601041892772,0.357933579336,0.0236596483612,0.00846537877143,0.00282179292381,0.00217060994139,0.00217060994139,0.00173648795311
Kathua,7,0.822283609576,0.148557397176,0.0165745856354,0.00552486187845,0.00214855739718,0.0036832412523,0.0012277470841,0.0
Samba,22,0.621223286662,0.34193072955,0.0257921886514,0.00810611643331,0.00294767870302,0.0,0.0,0.0
Jammu,21,0.485806683435,0.311174991017,0.0812073302192,0.0424002874596,0.0244340639598,0.0161696011498,0.0118577075099,0.0269493352497
Udhampur,19,0.939302884615,0.0366586538462,0.01171875,0.00510817307692,0.00450721153846,0.00270432692308,0.0,0.0
Doda,16,0.968188105118,0.0293914246196,0.00242047026279,0.0,0.0,0.0,0.0,0.0
Ramban,17,0.988387096774,0.0109677419355,0.000645161290323,0.0,0.0,0.0,0.0,0.0
Reasi,20,0.946855345912,0.035534591195,0.00817610062893,0.00345911949686,0.00345911949686,0.00220125786164,0.000314465408805,0.0
Jaisalmer,114,0.98238996208,0.0157239571959,0.000933113621474,0.000416923107467,0.000218388294387,9.92674065397e-05,0.000158827850464,5.95604439238e-05
Jodhpur,113,0.950625962375,0.0319675972417,0.00672825868648,0.00254401820981,0.00170717011448,0.00137243087635,0.00130548302872,0.0037490794671
Nagaur,112,0.954048329227,0.0287035836251,0.00855920114123,0.00406345912765,0.00220464271819,0.00116716379199,0.000907794060433,0.000345826308736
Barmer,115,0.973083086618,0.0228427085314,0.00190129559714,0.000733356873184,0.000516065947796,0.000434581850775,0.000380259119429,0.000108645462694
Pali,118,0.937382827147,0.0495563054618,0.00674915635546,0.00218722659668,0.00156230471191,0.00118735158105,0.000749906261717,0.000624921884764
Jalor,116,0.97852494577,0.0155459146782,0.00303687635575,0.00166305133767,0.00101229211858,0.000216919739696,0.0,0.0
Sirohi,117,0.908309455587,0.0594178856884,0.0176443975268,0.00723872719047,0.00482581812698,0.00180968179762,0.000754034082341,0.0
Udaipur,130,0.933809087338,0.0470079874296,0.00707083933482,0.00307712452534,0.00163676836454,0.0017677098337,0.00189865130287,0.00373183187115
Banas Kantha,469,0.901795529498,0.0864052766581,0.00578966654452,0.0029314767314,0.00190545987541,0.000806156101136,0.000366434591425,0.0
Kachchh,468,0.96202508059,0.0280619375035,0.00374531835206,0.00178880876516,0.00136023999851,0.00109937205359,0.000913037807219,0.0010062049304
Jamnagar,477,0.843306914855,0.106813058969,0.020431905766,0.00821638915146,0.0047262415473,0.00421726168836,0.00479895295572,0.00748927506726
Porbandar,478,0.725469728601,0.217118997912,0.026443980515,0.0111343075852,0.00730688935282,0.00313152400835,0.00452331245651,0.00487125956855
Rajkot,476,0.734852774632,0.208380520951,0.0240656851642,0.00941392978482,0.00743204983012,0.00467157417894,0.00431766704417,0.0068657984145
Junagadh,479,0.509355709877,0.42611882716,0.0364583333333,0.0108024691358,0.00646219135802,0.00434027777778,0.00376157407407,0.00270061728395
Amreli,480,0.805583551703,0.154202781697,0.0225760935295,0.00816367667809,0.00443458980044,0.00372908687765,0.00110864745011,0.000201572263657
Surendranagar,475,0.85256747613,0.126080745809,0.00924742500564,0.00488685061274,0.0027817457334,0.00210510487933,0.00142846402526,0.000902187805428
Bhavnagar,481,0.749762402585,0.193784451625,0.0266109104733,0.0115947538491,0.00627257175442,0.00494202623075,0.00294620794526,0.00408667553697
Ahmadabad,474,0.75086232384,0.150192175027,0.0330146841431,0.0186261949345,0.00916527052331,0.00571597516507,0.00443480831773,0.0279885680497
Patan,470,0.935479395033,0.0498126821146,0.00652143749133,0.00402386568614,0.00319134175108,0.00097127792424,0.0,0.0
Mahesana,471,0.50053361793,0.39452152259,0.0581643543223,0.0245464247599,0.0131625755959,0.005691924582,0.00302383493419,0.000355745286375
Gandhinagar,473,0.117950608183,0.6129745669,0.139329155916,0.0556579432363,0.0235901216366,0.0173239955769,0.0136380390711,0.0195355694803
Sabar Kantha,472,0.826711749789,0.157121724429,0.00919273034658,0.00338123415046,0.00179628064243,0.00105663567202,0.000739644970414,0.0
Dungarpur,124,0.965817277812,0.0225813134452,0.00621504039776,0.00372902423866,0.00124300807955,0.000414336026518,0.0,0.0
Kheda,483,0.6923988154,0.267917077986,0.026456071076,0.00513326752221,0.00315893385982,0.00157946692991,0.00197433366239,0.00138203356367
Panch Mahals,484,0.920601817369,0.0548190078951,0.0135557872784,0.00655444659616,0.00208550573514,0.00148964695367,0.000893788172203,0.0
Vadodara,486,0.758569771121,0.155468832402,0.0393418415779,0.0114966775657,0.00706676510917,0.00379706781985,0.00506275709313,0.0191962873115
Anand,482,0.493217580033,0.431361909929,0.0412371134021,0.017091698318,0.00678241996744,0.00352685838307,0.00515463917526,0.00162778079219
Bharuch,488,0.477036590875,0.334437584701,0.0688149375094,0.0405059478994,0.0293630477338,0.0170155097124,0.0161120313206,0.0167143502485
Narmada,487,0.941673710904,0.0518455903071,0.00648069878839,0.0,0.0,0.0,0.0,0.0
Nandurbar,497,0.92494600432,0.0639848812095,0.00553455723542,0.00229481641469,0.00202483801296,0.000809935205184,0.000404967602592,0.0
Alirajpur,465,0.978652751423,0.0163662239089,0.00260910815939,0.00189753320683,0.000474383301708,0.0,0.0,0.0
Jhabua,464,0.957300275482,0.0348943985308,0.00298438934803,0.00229568411387,0.00160697887971,0.000918273645546,0.0,0.0
Dohad,485,0.96641053787,0.025027442371,0.00307354555434,0.00241492864984,0.001317233809,0.001317233809,0.000439077936334,0.0
Banswara,125,0.962155563307,0.0272061388211,0.00401116149285,0.00191838158354,0.00174398325776,0.00156958493198,0.00104638995466,0.000348796651552
Ratlam,434,0.900358189515,0.0760338651905,0.00879192445458,0.00407033539564,0.00325626831651,0.00276782806903,0.00244220123738,0.00227938782156
Dhar,438,0.917006406523,0.0609590370802,0.0122306348282,0.00349446709377,0.00281498738109,0.0016501650165,0.00174723354688,9.70685303825e-05
Barwani,441,0.951586953342,0.0386134269416,0.00409536346351,0.00277899663595,0.00175515577007,0.000877577885037,0.000292525961679,0.0
West Nimar,440,0.93600867679,0.0474265430881,0.0105501873398,0.00315519621376,0.00177479787024,0.000788799053441,0.00029579964504,0.0
Indore,439,0.662896384569,0.213896182589,0.0422136942032,0.0181781458291,0.0129266814785,0.0123207432842,0.00969501110887,0.027873156938
East Nimar,466,0.969383400896,0.0217623213143,0.00362705355238,0.00160017068487,0.00106678045658,0.000960102410924,0.0012801365479,0.000320034136975
Dewas,437,0.929122249943,0.0539804944432,0.00680426400544,0.00238149240191,0.002494896802,0.00147425720118,0.00192787480154,0.00181447040145
Ujjain,435,0.896191091026,0.0706262104584,0.0134280180762,0.00658489347966,0.00284054228535,0.00335700451904,0.00296965784377,0.00400258231117
Sehore,445,0.9585784608,0.0280946091968,0.00564293432585,0.00324168567655,0.00156081162204,0.00180093648697,0.000840437027254,0.00024012486493
Shajapur,436,0.878130841121,0.103302180685,0.0107165109034,0.00398753894081,0.00261682242991,0.000747663551402,0.000498442367601,0.0
Rajgarh,442,0.885520593502,0.0906881555385,0.0141980046048,0.00626758761832,0.00281401893067,0.000511639805577,0.0,0.0
Mandsaur,433,0.908964943882,0.0756547041707,0.00872938894277,0.00207842593876,0.0013856172925,0.00124705556325,0.0013856172925,0.000554246917002
Pratapgarh,131,0.979643765903,0.0139949109415,0.00345328971283,0.00218102508179,0.000363504180298,0.0,0.000363504180298,0.0
Jhalawar,129,0.938981781882,0.0462939855253,0.00686298976791,0.00374344896431,0.00274519590716,0.000873471425006,0.000499126528575,0.0
Kota,127,0.81807941425,0.10405519572,0.0299915516756,0.0137989298789,0.0105604055196,0.00605463249789,0.00478738383554,0.0126724866235
Baran,128,0.956610864366,0.0284705614395,0.00774399271154,0.00387199635577,0.00159435144061,0.000911057966063,0.000683293474547,0.000113882245758
Chittaurgarh,126,0.92349170821,0.0484281208668,0.012717468715,0.00590090548377,0.00356089124021,0.00356089124021,0.00162783599552,0.000712178248042
Neemuch,432,0.884917664671,0.0905688622754,0.0130988023952,0.00561377245509,0.00149700598802,0.00187125748503,0.00149700598802,0.000935628742515
Rajsamand,123,0.869916074887,0.0889283408651,0.0253389283409,0.0109748224661,0.00419625564881,0.000645577792124,0.0,0.0
Bhilwara,122,0.94468273924,0.0435586451708,0.00539860967313,0.00170093181482,0.00155302470049,0.00103534980033,0.000739535571661,0.00133116402899
Ajmer,119,0.875676651029,0.0773186575244,0.0173222663298,0.00929267412486,0.00631540959942,0.00342836521112,0.00424034644533,0.00640562973656
Jaipur,110,0.720979115812,0.190330892324,0.036818551668,0.0142392188771,0.00793327908869,0.0055600759425,0.00406834825061,0.0200705180363
Tonk,120,0.965517241379,0.0227055702918,0.00519893899204,0.00275862068966,0.00201591511936,0.000636604774536,0.000742705570292,0.000424403183024
Dausa,109,0.89861447108,0.071695623488,0.0136353639762,0.00901693424236,0.00329887838135,0.00241917747966,0.00131955135254,0.0
Sawai Madhopur,108,0.966717557252,0.0177099236641,0.00503816793893,0.00442748091603,0.00274809160305,0.0024427480916,0.000916030534351,0.0
Bundi,121,0.922511782645,0.0580815081785,0.0103964513446,0.00374272248406,0.00138619351261,0.0018020515664,0.00152481286388,0.000554477405046
Sheopur,418,0.990564925109,0.00518929119,0.00176907654205,0.000943507489091,0.000943507489091,0.000589692180682,0.0,0.0
Shivpuri,423,0.977077787637,0.0164152617569,0.00288376220053,0.00103519668737,0.000739426205265,0.000739426205265,0.000665483584738,0.000443655723159
Guna,458,0.920242364288,0.0568814146161,0.0106343514282,0.00358600222579,0.00309138122913,0.00234944973414,0.00234944973414,0.000865586744157
Gwalior,421,0.88800354139,0.0633023461709,0.0149033495647,0.00782056957356,0.0050169691604,0.0050169691604,0.00427917957798,0.0116570754021
Morena,419,0.939155884165,0.0392791127542,0.0127849661121,0.00369685767098,0.00184842883549,0.00138632162662,0.00123228589033,0.000616142945163
Dhaulpur,106,0.956730769231,0.0288461538462,0.00607287449393,0.00303643724696,0.00202429149798,0.00227732793522,0.00101214574899,0.0
Karauli,107,0.964440993789,0.0248447204969,0.00403726708075,0.0026397515528,0.00248447204969,0.00124223602484,0.000310559006211,0.0
Bharatpur,105,0.919656315948,0.0562255049744,0.0125113053964,0.00497437443473,0.00165812481158,0.00195960205005,0.00150738619234,0.00150738619234
Mathura,145,0.765465669613,0.136415137095,0.0387491502379,0.0181282574213,0.0108769544528,0.0135961930659,0.00634489009744,0.0104237480172
Mahamaya Nagar,144,0.895483870968,0.0739784946237,0.0120430107527,0.00731182795699,0.00387096774194,0.00387096774194,0.00301075268817,0.000430107526882
Agra,146,0.779863481229,0.138604474782,0.0255972696246,0.0106181266591,0.00758437618506,0.00606750094805,0.00701554797118,0.0246492226014
Bhind,420,0.946916337399,0.0334993987287,0.00910496478268,0.00309225219035,0.00309225219035,0.00274866861364,0.00154612609517,0.0
Firozabad,147,0.855873015873,0.0853968253968,0.027619047619,0.0104761904762,0.00920634920635,0.00539682539683,0.00349206349206,0.00253968253968
Etah,201,0.966414523449,0.0205748865356,0.00514372163389,0.00211800302572,0.0036308623298,0.00211800302572,0.0,0.0
Kansiram Nagar,202,0.966435185185,0.0216049382716,0.00617283950617,0.00347222222222,0.00231481481481,0.0,0.0,0.0
Shahjahanpur,152,0.954434499593,0.0245728234337,0.0079739625712,0.00504475183076,0.00227827502034,0.00179007323027,0.00227827502034,0.00162733930024
Farrukhabad,159,0.938349007315,0.0330895158481,0.00870776732846,0.00696621386277,0.00522466039707,0.00557297109021,0.00208986415883,0.0
Mainpuri,148,0.960463146004,0.0271109855973,0.00593052809941,0.0039536853996,0.00254165489975,0.0,0.0,0.0
Etawah,161,0.949637919684,0.0325872284398,0.00691244239631,0.00296247531271,0.00362080315997,0.00329163923634,0.000987491770902,0.0
Kannauj,160,0.961325966851,0.028729281768,0.00626151012891,0.00331491712707,0.00036832412523,0.0,0.0,0.0
Auraiya,162,0.882779686903,0.0626193203513,0.0194730813288,0.00954562810233,0.0053455517373,0.00801832760596,0.00840015273005,0.00381825124093
Jalaun,165,0.957729875379,0.0272819131021,0.00825193667902,0.002357696194,0.001852475581,0.001010441226,0.001178848097,0.000336813742001
Datia,422,0.919018404908,0.0543967280164,0.0118609406953,0.00368098159509,0.00490797546012,0.00204498977505,0.00327198364008,0.00081799591002
Tikamgarh,424,0.939417177914,0.048773006135,0.00674846625767,0.00184049079755,0.00153374233129,0.00122699386503,0.000460122699387,0.0
Jhansi,166,0.902304991604,0.0630438101053,0.0154174935124,0.00625858647535,0.00305296901236,0.00305296901236,0.00305296901236,0.00381621126546
Lalitpur,167,0.97701326751,0.0160444307313,0.0029311940759,0.00185128046899,0.00123418697933,0.000925640234496,0.0,0.0
Hamirpur,168,0.970108695652,0.0213768115942,0.0070652173913,0.00144927536232,0.0,0.0,0.0,0.0
Mahoba,169,0.960086299892,0.032092772384,0.00620280474649,0.00161812297735,0.0,0.0,0.0,0.0
Chhatarpur,425,0.956868723099,0.0287840746055,0.00699426111908,0.00313845050215,0.00161406025825,0.00116571018651,0.000986370157819,0.000448350071736
Sagar,427,0.944593045472,0.040962934658,0.00565533053114,0.00298051203668,0.00175773786779,0.00168131448223,0.0012227741689,0.00114635078334
Damoh,428,0.969509594883,0.0216417910448,0.00362473347548,0.00127931769723,0.00117270788913,0.00117270788913,0.000852878464819,0.000746268656716
Raisen,446,0.955627605373,0.0356646595646,0.00453913849004,0.00138953219083,0.00129689671144,0.000463177396943,0.000741083835109,0.000277906438166
Vidisha,443,0.975876487617,0.0146885386512,0.00439584003431,0.00225152782245,0.00117937171652,0.000857724884743,0.000643293663557,0.000107215610593
Ashoknagar,459,0.97164523574,0.0196175403891,0.00527530497857,0.00197823936696,0.000989119683482,0.000494559841741,0.0,0.0
Bhopal,444,0.733198730891,0.140467262763,0.0311508508797,0.0158638592443,0.0141332564177,0.0103836169599,0.0132679550043,0.0415344678396
Harda,448,0.952915869981,0.0387189292543,0.00334608030593,0.00215105162524,0.0019120458891,0.000956022944551,0.0,0.0
Hoshangabad,449,0.905513666352,0.0711592836946,0.012959472196,0.00424128180961,0.00282752120641,0.00176720075401,0.0014137606032,0.0001178133836
Betul,447,0.972838531386,0.0168180023687,0.00505329648638,0.00244769048559,0.00157915515199,0.000710619818397,0.000552704303198,0.0
Chhindwara,455,0.947435638906,0.039188008335,0.00746118168986,0.0031592390939,0.00147879276736,0.000604960677556,0.000403307118371,0.000268871412247
Narsimhapur,452,0.839441803404,0.141542708174,0.0110412513418,0.00475387210551,0.00153350713081,0.00138015641773,0.000306701426162,0.0
Jabalpur,451,0.799938347719,0.13640567201,0.0234278668311,0.0101726263872,0.00570283600493,0.00539457459926,0.00570283600493,0.0132552404439
Seoni,456,0.984611206662,0.0114963338463,0.00117679007875,0.000995745451254,0.000905223137503,0.000543133882502,0.000271566941251,0.0
Mandla,454,0.984077100356,0.0113136392206,0.00240938613032,0.000942803268385,0.000838047349675,0.000419023674838,0.0,0.0
Balaghat,457,0.974976352223,0.0196061570212,0.00309570900335,0.000859919167598,0.000859919167598,0.000429959583799,0.00017198383352,0.0
Dindori,453,0.997232982844,0.00276701715551,0.0,0.0,0.0,0.0,0.0,0.0
Katni,450,0.938042131351,0.0404275092937,0.00650557620818,0.00495662949195,0.00325278810409,0.0020136307311,0.00247831474597,0.00232342007435
Umaria,431,0.965422800411,0.0244779185211,0.00958575830195,0.000513522766176,0.0,0.0,0.0,0.0
Panna,426,0.986259206332,0.0100032977905,0.00131911619215,0.000989337144113,0.000879410794768,0.000439705397384,0.000109926349346,0.0
Satna,429,0.930762033475,0.0492774716707,0.00966836469487,0.00374259278511,0.00187129639256,0.00135149183907,0.00155941366046,0.00176733548186
Banda,170,0.97575964493,0.0136565380676,0.00477978832366,0.00204848071014,0.00136565380676,0.00102424035507,0.00102424035507,0.00034141345169
Chitrakoot,171,0.972075471698,0.0208805031447,0.00352201257862,0.00201257861635,0.00150943396226,0.0,0.0,0.0
Shahdol,460,0.966864558884,0.0183625569515,0.00427999447743,0.00414193013944,0.00276128675963,0.0022090294077,0.00138064337981,0.0
Sidhi,462,0.986090656194,0.00900016363934,0.00245459008346,0.00147275405007,0.000981836033382,0.0,0.0,0.0
Rewa,430,0.954601529731,0.0294843325931,0.00653836664199,0.00259067357513,0.00222057735011,0.00148038490007,0.00148038490007,0.00160375030841
Kaushambi,174,0.924513915364,0.0449866565002,0.00800609988563,0.00457491422036,0.00495615707205,0.00495615707205,0.00457491422036,0.00343118566527
Allahabad,175,0.86634986635,0.0836055836056,0.0138105138105,0.00846450846451,0.00534600534601,0.00549450549451,0.00564300564301,0.011286011286
Sant Ravi Das Nagar(bhadohi),198,0.778033794163,0.174347158218,0.026113671275,0.0099846390169,0.00844854070661,0.00307219662058,0.0,0.0
Mirzapur,199,0.937338612498,0.0461353072818,0.00843518677914,0.00241005336547,0.00206576002754,0.00103288001377,0.00189361335858,0.000688586675848
Singrauli,463,0.940254122736,0.0200054068667,0.00905650175723,0.00756961340903,0.00743444174101,0.00473100838064,0.00405515004055,0.00689375506894
Koriya,400,0.964607007576,0.0203598484848,0.00840435606061,0.00319602272727,0.00213068181818,0.00118371212121,0.000118371212121,0.0
Anuppur,461,0.913125,0.0529166666667,0.0264583333333,0.00520833333333,0.00229166666667,0.0,0.0,0.0
Kabeerdham,407,0.993418578413,0.00582925911997,0.000752162467093,0.0,0.0,0.0,0.0,0.0
Bilaspur,406,0.954679334917,0.0317339667458,0.00446555819477,0.00218527315914,0.00171021377672,0.00152019002375,0.00152019002375,0.00218527315914
Korba,404,0.925739005047,0.0304013458303,0.0128574861812,0.00949291035809,0.007089641913,0.00612833453497,0.00480653689017,0.00348473924537
Surguja,401,0.986651334867,0.00864913508649,0.0022497750225,0.001199880012,0.000499950005,0.0004499550045,0.000299970003,0.0
Sonbhadra,200,0.931875719217,0.0270425776755,0.0134637514384,0.00817031070196,0.00529344073648,0.0054085155351,0.00391254315305,0.004833141542
Garhwa,346,0.994280266921,0.00571973307912,0.0,0.0,0.0,0.0,0.0,0.0
Jashpur,402,0.993198204326,0.0065297238471,0.000272071826962,0.0,0.0,0.0,0.0,0.0
Raigarh,403,0.969978716254,0.0192673910608,0.00515290691162,0.00246443374034,0.00134423658564,0.00067211829282,0.00100817743923,0.00011201971547
Gumla,366,0.99602707475,0.00397292525015,0.0,0.0,0.0,0.0,0.0,0.0
Simdega,367,0.997700668896,0.00209030100334,0.000209030100334,0.0,0.0,0.0,0.0,0.0
Sundargarh,374,0.947407104941,0.0294814209882,0.00759493670886,0.00465496120866,0.00253164556962,0.00204164965292,0.0019599836668,0.00432829726419
Ranchi,364,0.91660022325,0.0438526550789,0.0156274916281,0.0086110668155,0.00574071121033,0.00334874820603,0.00271089140488,0.00350821240631
Lohardaga,356,0.985826771654,0.0141732283465,0.0,0.0,0.0,0.0,0.0,0.0
Latehar,359,0.999262808699,0.000737191301143,0.0,0.0,0.0,0.0,0.0,0.0
Chatra,347,0.987914148781,0.00645967909981,0.00354240466764,0.0018753907064,0.000208376745155,0.0,0.0,0.0
Palamu,358,0.987438075018,0.00884642604388,0.00336164189667,0.000353857041755,0.0,0.0,0.0,0.0
Rohtas,234,0.964601769912,0.0283588093323,0.00563153660499,0.00140788415125,0.0,0.0,0.0,0.0
Kaimur (bhabua),233,0.984219076352,0.0157809236482,0.0,0.0,0.0,0.0,0.0,0.0
Aurangabad,235,0.979586992642,0.0175646807501,0.00284832660812,0.0,0.0,0.0,0.0,0.0
Gaya,236,0.96815186696,0.0177282711013,0.00596171948541,0.0029808597427,0.00219642296831,0.00156887354879,0.00125509883903,0.000156887354879
Bhojpur,231,0.978140293638,0.0146818923328,0.00489396411093,0.00228384991843,0.0,0.0,0.0,0.0
Arwal,240,1.0,0.0,0.0,0.0,0.0,0.0,0.0,0.0
Jehanabad,239,0.9725,0.0266666666667,0.000833333333333,0.0,0.0,0.0,0.0,0.0
Patna,230,0.852344127598,0.0693571773804,0.0215079748671,0.00966650555824,0.00894151764137,0.00869985500242,0.0115998066699,0.0178830352827
Buxar,232,0.979619565217,0.0149456521739,0.0054347826087,0.0,0.0,0.0,0.0,0.0
Ghazipur,195,0.973034734918,0.0191956124314,0.00411334552102,0.00228519195612,0.00137111517367,0.0,0.0,0.0
Chandauli,196,0.930453431373,0.0361519607843,0.0125612745098,0.00827205882353,0.00490196078431,0.00337009803922,0.00367647058824,0.000612745098039
Varanasi,197,0.557942057942,0.28971028971,0.0374625374625,0.021978021978,0.0164835164835,0.0164835164835,0.0154845154845,0.0444555444555
Jaunpur,194,0.963048056672,0.0250813708597,0.00478652115642,0.00248899100134,0.00172314761631,0.00210606930883,0.000765843385028,0.0
Pratapgarh,173,0.953478712357,0.0332294911734,0.00519210799585,0.00290758047767,0.0018691588785,0.00166147455867,0.00166147455867,0.0
Azamgarh,191,0.967550027042,0.021453037678,0.00432666306111,0.00252388678565,0.00198305390301,0.00162249864792,0.000540832882639,0.0
