South Andaman,640,0.983089064262,0.00939496429914,0.00413378429162,0.00150319428786,0.0,0.00187899285983,0.0,0.0
Nicobar,638,0.999485596708,0.000514403292181,0.0,0.0,0.0,0.0,0.0,0.0
North & Middle Andaman,639,1.0,0.0,0.0,0.0,0.0,0.0,0.0,0.0
Lawangtlai,287,1.0,0.0,0.0,0.0,0.0,0.0,0.0,0.0
Lunglei,286,1.0,0.0,0.0,0.0,0.0,0.0,0.0,0.0
Saiha,288,1.0,0.0,0.0,0.0,0.0,0.0,0.0,0.0
Dibang Valley,257,1.0,0.0,0.0,0.0,0.0,0.0,0.0,0.0
Upper Siang,252,1.0,0.0,0.0,0.0,0.0,0.0,0.0,0.0
Lower Dibang Valley,258,1.0,0.0,0.0,0.0,0.0,0.0,0.0,0.0
Tuensang,267,1.0,0.0,0.0,0.0,0.0,0.0,0.0,0.0
Mon,261,1.0,0.0,0.0,0.0,0.0,0.0,0.0,0.0
Tirap,254,1.0,0.0,0.0,0.0,0.0,0.0,0.0,0.0
Sivasagar,311,0.776550030694,0.147329650092,0.0310006138735,0.0138121546961,0.012277470841,0.00890116635973,0.00798035604665,0.00214855739718
Changlang,253,0.987784394564,0.00732936326157,0.00122156054359,0.00137425561154,0.00122156054359,0.000916170407696,0.000152695067949,0.0
Lohit,259,0.99625763246,0.00216663383888,0.000984833563128,0.000590900137877,0.0,0.0,0.0,0.0
Anjaw,260,1.0,0.0,0.0,0.0,0.0,0.0,0.0,0.0
Tinsukia,309,0.854208982171,0.104039720153,0.0171518844505,0.0108327691266,0.00677048070413,0.00338524035206,0.00293387497179,0.000677048070413
Dhemaji,308,0.999416909621,0.000583090379009,0.0,0.0,0.0,0.0,0.0,0.0
Dibrugarh,310,0.669379937754,0.157050514723,0.0655973186497,0.0361503471391,0.0265740962413,0.0153220014364,0.0143643763467,0.0155614077089
East Siang,251,1.0,0.0,0.0,0.0,0.0,0.0,0.0,0.0
West Siang,250,1.0,0.0,0.0,0.0,0.0,0.0,0.0,0.0
Upper Subansiri,249,1.0,0.0,0.0,0.0,0.0,0.0,0.0,0.0
Jorhat,312,0.936247723133,0.0457975539943,0.0106687483737,0.00390320062451,0.00260213374967,0.000780640124902,0.0,0.0
Lakhimpur,307,0.991000529381,0.00899947061938,0.0,0.0,0.0,0.0,0.0,0.0
Lower Subansiri,255,0.999691262735,0.000308737264588,0.0,0.0,0.0,0.0,0.0,0.0
Papum Pare,248,0.990808439524,0.00877376227282,0.000417798203468,0.0,0.0,0.0,0.0,0.0
Kurung Kumey,256,1.0,0.0,0.0,0.0,0.0,0.0,0.0,0.0
East Kameng,247,1.0,0.0,0.0,0.0,0.0,0.0,0.0,0.0
West Kameng,246,1.0,0.0,0.0,0.0,0.0,0.0,0.0,0.0
Tawang,245,1.0,0.0,0.0,0.0,0.0,0.0,0.0,0.0
Sonitpur,306,0.971074996273,0.0248993588788,0.00342925301923,0.000596391829432,0.0,0.0,0.0,0.0
Golaghat,313,0.924280782509,0.0391254315305,0.0138089758343,0.00667433831991,0.00713463751438,0.004833141542,0.00414269275029,0.0
Karbi Anglong,314,0.994979016787,0.00442146282974,0.00044964028777,7.49400479616e-05,7.49400479616e-05,0.0,0.0,0.0
Nagaon,305,0.96976284585,0.0239130434783,0.00494071146245,0.00098814229249,0.000395256916996,0.0,0.0,0.0
Marigaon,304,0.972795969773,0.0241813602015,0.00302267002519,0.0,0.0,0.0,0.0,0.0
Jaintia Hills,299,0.996395250212,0.00360474978796,0.0,0.0,0.0,0.0,0.0,0.0
Dima Hasao,315,0.997192866579,0.0028071334214,0.0,0.0,0.0,0.0,0.0,0.0
Dimapur,265,0.897091722595,0.0592841163311,0.0234899328859,0.0123042505593,0.00447427293065,0.00223713646532,0.00111856823266,0.0
Peren,271,1.0,0.0,0.0,0.0,0.0,0.0,0.0,0.0
Kohima,270,0.999410724808,0.0,0.000589275191514,0.0,0.0,0.0,0.0,0.0
Wokha,264,0.996981891348,0.00301810865191,0.0,0.0,0.0,0.0,0.0,0.0
Phek,266,1.0,0.0,0.0,0.0,0.0,0.0,0.0,0.0
Zunheboto,263,1.0,0.0,0.0,0.0,0.0,0.0,0.0,0.0
Mokokchung,262,1.0,0.0,0.0,0.0,0.0,0.0,0.0,0.0
Longleng,268,1.0,0.0,0.0,0.0,0.0,0.0,0.0,0.0
Kiphire,269,1.0,0.0,0.0,0.0,0.0,0.0,0.0,0.0
Senapati,272,0.999765862796,0.000234137204402,0.0,0.0,0.0,0.0,0.0,0.0
Ukhrul,279,1.0,0.0,0.0,0.0,0.0,0.0,0.0,0.0
Tamenglong,273,1.0,0.0,0.0,0.0,0.0,0.0,0.0,0.0
Imphal East,278,0.792817679558,0.112338858195,0.0359116022099,0.0230202578269,0.0110497237569,0.0110497237569,0.00828729281768,0.00552486187845
Chandel,280,0.999751058003,0.000248941996515,0.0,0.0,0.0,0.0,0.0,0.0
Thoubal,276,0.937636761488,0.062363238512,0.0,0.0,0.0,0.0,0.0,0.0
Bishnupur,275,0.96,0.04,0.0,0.0,0.0,0.0,0.0,0.0
Churachandpur,274,0.997411561691,0.00258843830889,0.0,0.0,0.0,0.0,0.0,0.0
Champhai,284,0.999518536351,0.000481463649494,0.0,0.0,0.0,0.0,0.0,0.0
Aizawl,283,0.997950352995,0.0,0.0,0.000455477112275,0.000227738556138,0.000455477112275,0.00091095422455,0.0
Serchhip,285,1.0,0.0,0.0,0.0,0.0,0.0,0.0,0.0
Mamit,281,0.999735938738,0.000264061262213,0.0,0.0,0.0,0.0,0.0,0.0
Kolasib,282,1.0,0.0,0.0,0.0,0.0,0.0,0.0,0.0
Hailakandi,318,0.96441495778,0.0301568154403,0.00542822677925,0.0,0.0,0.0,0.0,0.0
Karimganj,317,0.965650493774,0.0279089738085,0.00515242593388,0.00128810648347,0.0,0.0,0.0,0.0
Cachar,316,0.969317199654,0.0224719101124,0.00583405358686,0.00194468452895,0.000432152117545,0.0,0.0,0.0
Imphal West,277,0.975409836066,0.0245901639344,0.0,0.0,0.0,0.0,0.0,0.0
Ri Bhoi,297,0.989821882952,0.00872410032715,0.00109051254089,0.000363504180298,0.0,0.0,0.0,0.0
East Khasi Hills,298,0.98768632534,0.0106934543098,0.000648088139987,0.000324044069994,0.000648088139987,0.0,0.0,0.0
West Khasi Hills,296,0.999548192771,0.000451807228916,0.0,0.0,0.0,0.0,0.0,0.0
West Tripura,289,0.828402366864,0.120414201183,0.0207100591716,0.00798816568047,0.00591715976331,0.00680473372781,0.00532544378698,0.00443786982249
Dhalai,291,0.985025566107,0.0149744338934,0.0,0.0,0.0,0.0,0.0,0.0
North Tripura,292,0.95616673829,0.0339492909325,0.00644606789858,0.00343790287924,0.0,0.0,0.0,0.0
South Tripura,290,0.973819163293,0.0232118758435,0.0029689608637,0.0,0.0,0.0,0.0,0.0
South Garo Hills,295,0.998310097169,0.00168990283059,0.0,0.0,0.0,0.0,0.0,0.0
East Garo Hills,294,0.990185387132,0.00981461286805,0.0,0.0,0.0,0.0,0.0,0.0
West Garo Hills,293,1.0,0.0,0.0,0.0,0.0,0.0,0.0,0.0
Dhubri,301,0.979865771812,0.0171140939597,0.00268456375839,0.000335570469799,0.0,0.0,0.0,0.0
Goalpara,302,0.98743619945,0.0106007067138,0.00196309383589,0.0,0.0,0.0,0.0,0.0
Bongaigaon,319,0.96418128655,0.030701754386,0.00438596491228,0.000730994152047,0.0,0.0,0.0,0.0
Chirang,320,0.951274027716,0.0286097451945,0.0084935181046,0.00715243629861,0.00402324541797,0.000447027268663,0.0,0.0
Kokrajhar,300,0.982558139535,0.0164728682171,0.000968992248062,0.0,0.0,0.0,0.0,0.0
Barpeta,303,0.974316210807,0.0256837891928,0.0,0.0,0.0,0.0,0.0,0.0
Baksa,324,1.0,0.0,0.0,0.0,0.0,0.0,0.0,0.0
Kamrup,321,0.946819882416,0.0414216996259,0.00587920897916,0.00374131480492,0.00213789417424,0.0,0.0,0.0
Kamrup Metropolitan,322,0.801836266259,0.0849273144606,0.0321346595256,0.0206579954093,0.0198928844682,0.0153022188217,0.0153022188217,0.00994644223412
Nalbari,323,0.976779026217,0.0232209737828,0.0,0.0,0.0,0.0,0.0,0.0
Darrang,325,0.97896749522,0.0205544933078,0.000478011472275,0.0,0.0,0.0,0.0,0.0
Udalguri,326,0.992345962495,0.00765403750478,0.0,0.0,0.0,0.0,0.0,0.0
Leh (ladakh),3,0.999682147272,0.000317852728236,0.0,0.0,0.0,0.0,0.0,0.0
Data Not Available,0,0.982833713434,0.0140541252604,0.00210770712751,0.000551626474777,0.000288163083839,8.23323096683e-05,7.40990787015e-05,8.23323096683e-06
Punch,5,0.988347132781,0.0116528672186,0.0,0.0,0.0,0.0,0.0,0.0
Kupwara,1,1.0,0.0,0.0,0.0,0.0,0.0,0.0,0.0
Baramula,8,0.966542750929,0.0227178851714,0.00413052457662,0.00371747211896,0.00289136720363,0.0,0.0,0.0
Bandipore,9,1.0,0.0,0.0,0.0,0.0,0.0,0.0,0.0
Ganderbal,11,1.0,0.0,0.0,0.0,0.0,0.0,0.0,0.0
Srinagar,10,0.875686813187,0.0755494505495,0.0206043956044,0.0151098901099,0.0130494505495,0.0,0.0,0.0
Badgam,2,0.915178571429,0.0641741071429,0.0184151785714,0.00223214285714,0.0,0.0,0.0,0.0
Pulwama,12,0.991745283019,0.00825471698113,0.0,0.0,0.0,0.0,0.0,0.0
Shupiyan,13,1.0,0.0,0.0,0.0,0.0,0.0,0.0,0.0
Rajouri,6,0.97939717665,0.0183136207554,0.00228920259443,0.0,0.0,0.0,0.0,0.0
Kulgam,15,1.0,0.0,0.0,0.0,0.0,0.0,0.0,0.0
Anantnag,14,0.996806569343,0.00319343065693,0.0,0.0,0.0,0.0,0.0,0.0
Kargil,4,1.0,0.0,0.0,0.0,0.0,0.0,0.0,0.0
Kishtwar,18,0.993087941372,0.00449700199867,0.0016655562958,0.000749500333111,0.0,0.0,0.0,0.0
Lahul & Spiti,25,1.0,0.0,0.0,0.0,0.0,0.0,0.0,0.0
Chamba,23,0.994080092861,0.00499129425421,0.000928612884504,0.0,0.0,0.0,0.0,0.0
Kangra,24,0.944517616068,0.0477444846888,0.00592690154758,0.0013170892328,0.000493908462298,0.0,0.0,0.0
Kullu,26,0.980603742658,0.0169375768338,0.00245868050813,0.0,0.0,0.0,0.0,0.0
Kinnaur,34,0.997941916305,0.0020580836954,0.0,0.0,0.0,0.0,0.0,0.0
Mandi,27,0.951974598135,0.0400873189125,0.00674737051002,0.00119071244295,0.0,0.0,0.0,0.0
Hamirpur,28,0.886649874055,0.110831234257,0.00251889168766,0.0,0.0,0.0,0.0,0.0
Solan,31,0.729067392784,0.201497617427,0.0449285228046,0.0115724982982,0.00612661674609,0.00612661674609,0.00068073519401,0.0
Bilaspur,30,0.787538304392,0.17773237998,0.0255362614913,0.00919305413687,0.0,0.0,0.0,0.0
Una,29,0.760545100584,0.19532770928,0.0272550292018,0.0136275146009,0.00324464633355,0.0,0.0,0.0
Rupnagar,51,0.389261744966,0.498322147651,0.0531319910515,0.0257270693512,0.0184563758389,0.010067114094,0.00503355704698,0.0
Shahid Bhagat Singh Nagar,39,0.325635103926,0.61143187067,0.0438799076212,0.0109699769053,0.00635103926097,0.00173210161663,0.0,0.0
Shimla,33,0.982263380945,0.0153822005965,0.00172657353634,0.000313922461152,0.000156961230576,0.0,0.000156961230576,0.0
Sirmaur,32,0.950046253469,0.0403946962689,0.00740055504163,0.00215849522047,0.0,0.0,0.0,0.0
Uttarkashi,56,0.999353647276,0.000646352723915,0.0,0.0,0.0,0.0,0.0,0.0
Chamoli,57,0.997697179044,0.00230282095567,0.0,0.0,0.0,0.0,0.0,0.0
Tehri Garhwal,59,0.95652173913,0.0295483326298,0.00696496411988,0.00253271422541,0.00211059518784,0.00232165470663,0.0,0.0
Rudraprayag,58,1.0,0.0,0.0,0.0,0.0,0.0,0.0,0.0
Dehradun,60,0.828428487345,0.107121836374,0.0285462036492,0.0135373749264,0.00941730429665,0.0058858151854,0.00382577987051,0.00323719835197
Garhwal,61,0.977834740651,0.015681544029,0.00346803377563,0.00196019300362,0.000904704463209,0.000150784077201,0.0,0.0
Saharanpur,132,0.904339051463,0.0696266397578,0.00988900100908,0.00565085771948,0.00423814328961,0.00302724520686,0.00201816347124,0.00121089808274
Hardwar,68,0.88,0.064,0.01984,0.01216,0.00736,0.008,0.00672,0.00192
Muzaffarnagar,133,0.887465181058,0.0772516248839,0.0168987929434,0.00779944289694,0.00538532961931,0.00241411327762,0.00185701021356,0.000928505106778
Bijnor,134,0.929234541951,0.0574531441583,0.00928358731827,0.00367840252233,0.000350324049746,0.0,0.0,0.0
Almora,64,0.986924543721,0.00898937619177,0.00299645873059,0.00108962135658,0.0,0.0,0.0,0.0
Nainital,66,0.933078778135,0.0494372990354,0.0104501607717,0.00341639871383,0.0016077170418,0.0016077170418,0.00040192926045,0.0
Udham Singh Nagar,67,0.542224810716,0.361968549796,0.055329062318,0.0232964472918,0.00757134536983,0.00465928945836,0.00465928945836,0.000291205591147
Rampur,136,0.936377025037,0.039469808542,0.00854197349043,0.00441826215022,0.00500736377025,0.00235640648012,0.00324005891016,0.000589101620029
Moradabad,135,0.861759799833,0.0861134278565,0.0252293577982,0.00854879065888,0.00729774812344,0.00375312760634,0.00375312760634,0.0035446205171
Bareilly,150,0.898206006853,0.0612779681516,0.0165289256198,0.00806289054626,0.0046361620641,0.00342672848216,0.00342672848216,0.00443458980044
Budaun,149,0.971994637271,0.0159392224043,0.00446894086102,0.00357515268881,0.00253239982124,0.00148964695367,0.0,0.0
Jyotiba Phule Nagar,137,0.944407008086,0.0377358490566,0.00977088948787,0.00640161725067,0.0016846361186,0.0,0.0,0.0
Bulandshahr,142,0.896907216495,0.0682989690722,0.0146048109966,0.0085910652921,0.00622852233677,0.00300687285223,0.00214776632302,0.000214776632302
Ghaziabad,140,0.536614173228,0.264173228346,0.0759842519685,0.0393700787402,0.0212598425197,0.0220472440945,0.0157480314961,0.0248031496063
Meerut,138,0.749261665682,0.156822209096,0.0345540460721,0.0168340224454,0.01329001772,0.00886001181335,0.00856467808624,0.0118133490845
Baghpat,139,0.884156729131,0.0857467348098,0.0164679159568,0.00908574673481,0.00397501419648,0.000567859170926,0.0,0.0
Sonipat,76,0.422152560084,0.367467781261,0.10762800418,0.0560780215953,0.0215952629746,0.0118425635667,0.0090560780216,0.00417972831766
North West,90,0.0,0.0178926441352,0.0815109343936,0.17097415507,0.143141153082,0.180914512922,0.151093439364,0.254473161034
Gautam Buddha Nagar,141,0.531526548673,0.195243362832,0.0862831858407,0.0453539823009,0.029314159292,0.0320796460177,0.0309734513274,0.0492256637168
Aligarh,143,0.922341939419,0.0435047773938,0.0111811343769,0.00650538727384,0.00365928034153,0.00345598698923,0.0028461069323,0.00650538727384
Faridabad,88,0.109712230216,0.413669064748,0.152877697842,0.0764388489209,0.0467625899281,0.0341726618705,0.0395683453237,0.126798561151
Palwal,89,0.471159337521,0.455168475157,0.0331239291833,0.0131353512279,0.0131353512279,0.00571102227299,0.00571102227299,0.00285551113649
Mewat,87,0.721617418351,0.231726283048,0.0336962156558,0.0082944530845,0.00311041990669,0.000518403317781,0.00103680663556,0.0
Gurgaon,86,0.074542008844,0.513581806696,0.183196462413,0.0739102969046,0.0448515476943,0.0341124447252,0.0221099178774,0.0536955148452
South,98,0.0,0.00766283524904,0.0804597701149,0.0842911877395,0.0689655172414,0.0613026819923,0.111111111111,0.586206896552
New Delhi,94,0.0,0.0,0.0,0.0,0.0,0.0,0.0,1.0
South West,97,0.0,0.0258064516129,0.133333333333,0.14623655914,0.0989247311828,0.0623655913978,0.109677419355,0.423655913978
Central,95,0.0,0.0,0.0,0.0,0.0,0.0,0.0,1.0
East,93,0.0,0.0,0.0,0.0,0.0,0.0,0.0,1.0
North East,92,0.0,0.0196078431373,0.0980392156863,0.078431372549,0.0588235294118,0.0196078431373,0.0196078431373,0.705882352941
North,91,0.0,0.0,0.0142857142857,0.0285714285714,0.0571428571429,0.0571428571429,0.1,0.742857142857
West,96,0.0,0.0,0.0,0.0,0.0761904761905,0.114285714286,0.133333333333,0.67619047619
Jhajjar,83,0.546448087432,0.395784543326,0.0308352849336,0.0109289617486,0.00585480093677,0.00546448087432,0.00273224043716,0.00195160031226
Alwar,104,0.880346659212,0.0851737955456,0.0173329605815,0.00745503680924,0.00391389432485,0.00167738328208,0.00186375920231,0.00223651104277
Rewari,85,0.226281075596,0.645357686454,0.0547945205479,0.027397260274,0.0223236935566,0.0162354134957,0.00558092338914,0.00202942668696
Rohtak,82,0.556042031524,0.362521891419,0.0380910683012,0.0148861646235,0.00656742556918,0.00569176882662,0.00700525394046,0.00919439579685
Bhiwani,81,0.701155034976,0.262567105905,0.0201724418415,0.00504311046039,0.00390434358224,0.00309093866927,0.0024402147389,0.00162680982593
Jind,77,0.518620689655,0.417103448276,0.0303448275862,0.0132413793103,0.0088275862069,0.00579310344828,0.00413793103448,0.00193103448276
Panipat,75,0.111995104039,0.602815177479,0.13035495716,0.0532435740514,0.030599755202,0.0232558139535,0.0177478580171,0.0299877600979
Karnal,74,0.131184619734,0.647441334464,0.128640090472,0.0506078597682,0.0183771557817,0.0124399208369,0.00678541136556,0.00452360757704
Kaithal,73,0.2587161942,0.654610622353,0.0518084066471,0.0146627565982,0.010752688172,0.0039100684262,0.00260671228413,0.00293255131965
Kurukshetra,72,0.00992907801418,0.752718676123,0.136170212766,0.0444444444444,0.0208037825059,0.0193853427896,0.0127659574468,0.00378250591017
Patiala,48,0.0436838549876,0.81625759964,0.0671020040531,0.0285971628012,0.0182391353299,0.0105832019815,0.00810628236884,0.0074307588381
Ambala,70,0.0659448818898,0.755413385827,0.0861220472441,0.0270669291339,0.0137795275591,0.0157480314961,0.0152559055118,0.0206692913386
Yamunanagar,71,0.315882094149,0.556533216014,0.0739111306643,0.0140783106027,0.0127584689837,0.0074791025077,0.0101187857457,0.00923889133304
Panchkula,69,0.508055853921,0.327604726101,0.0719656283566,0.0354457572503,0.0139634801289,0.00644468313641,0.00966702470462,0.0268528464017
Sahibzada Ajit Singh Nagar,52,0.0600578871201,0.588277858177,0.168596237337,0.0795947901592,0.0586107091172,0.0238784370478,0.0115774240232,0.00940665701881
Chandigarh,55,0.0,0.0,0.0,0.018018018018,0.045045045045,0.045045045045,0.144144144144,0.747747747748
Fatehgarh Sahib,40,0.0253411306043,0.836907082521,0.08057179987,0.0266406757635,0.0168940870695,0.0110461338532,0.00129954515919,0.00129954515919
Ludhiana,41,0.0748440748441,0.685239085239,0.116424116424,0.0409563409563,0.0220374220374,0.0153846153846,0.0151767151767,0.0299376299376
Sangrur,53,0.24571546562,0.663225273591,0.0503819946314,0.0171381375181,0.0101176956432,0.00702044187487,0.00516208961388,0.00123890150733
Barnala,54,0.347956131605,0.570289132602,0.049850448654,0.0144566301097,0.00548354935194,0.00548354935194,0.00398803589232,0.0024925224327
Moga,42,0.0667086217747,0.842668344871,0.0582127123977,0.0169918187539,0.00534927627439,0.00440528634361,0.00314663310258,0.00251730648206
Bathinda,46,0.460387323944,0.45488556338,0.0451144366197,0.0147447183099,0.00902288732394,0.00528169014085,0.0044014084507,0.00616197183099
Faridkot,45,0.235623409669,0.677353689567,0.0335877862595,0.0203562340967,0.0132315521628,0.00966921119593,0.00814249363868,0.00203562340967
Mansa,47,0.747389693499,0.211855843718,0.0266082856181,0.00673627484001,0.00471539238801,0.002020882452,0.000673627484001,0.0
Fatehabad,78,0.342644320298,0.586281812539,0.0378646803228,0.0145872129112,0.00775915580385,0.00496585971446,0.00496585971446,0.000931098696462
Sirsa,79,0.687840929087,0.269927855006,0.0198838641563,0.00809431638219,0.00580679218723,0.00299137779342,0.00263945099419,0.00281541439381
Hisar,80,0.648369274639,0.278381750134,0.032436285867,0.013010158617,0.00962395294956,0.00837640349314,0.00427731242203,0.00552486187845
Mahendragarh,84,0.540932236584,0.409322365844,0.0274187230709,0.0105757931845,0.00587544065805,0.00313356835096,0.00235017626322,0.00039169604387
Jhunjhunun,103,0.839774763245,0.116585615562,0.0234195034553,0.00883030458152,0.0057588942923,0.00396723829025,0.00115177885846,0.000511901714871
Churu,102,0.960962102291,0.0228037789119,0.00711260723206,0.0032576827017,0.00260614616136,0.00168313606255,0.00152025192746,5.42947116951e-05
Sikar,111,0.860561708861,0.107001582278,0.0149327531646,0.00801028481013,0.00227452531646,0.0029667721519,0.00217563291139,0.00207674050633
Hanumangarh,100,0.897627118644,0.0774387947269,0.0128060263653,0.00549905838041,0.00346516007533,0.00158192090395,0.00143126177024,0.00015065913371
Bikaner,101,0.978645195169,0.0119526893551,0.00370083268735,0.00172538821235,0.00100022505064,0.000725163161711,0.00067515190918,0.00157535445475
Ganganagar,99,0.893466703973,0.0763150531617,0.0142697257974,0.00748461108002,0.00363738108562,0.00209848908786,0.00160884163402,0.00111919418019
Muktsar,44,0.321662396812,0.614859094791,0.0247651579846,0.0148021633931,0.00939368061486,0.00740108169656,0.00569313976658,0.00142328494165
Firozpur,43,0.290601930721,0.625922771153,0.0431572969903,0.0144804088586,0.0099375354912,0.00709823963657,0.0045428733674,0.00425894378194
Amritsar,49,0.0276395798784,0.679380873411,0.194306246545,0.0395245992261,0.0171365395246,0.010226644555,0.0113322277501,0.02045328911
Gurdaspur,35,0.199471866748,0.666869794841,0.0861263457242,0.0213284582572,0.0103595368678,0.0073126142596,0.00568758886858,0.00284379443429
Tarn Taran,50,0.057002758198,0.784860557769,0.13055470426,0.0140974563285,0.00735519460619,0.0036775973031,0.0024517315354,0.0
Kapurthala,36,0.339514348786,0.544370860927,0.0710816777042,0.0163355408389,0.00927152317881,0.00971302428256,0.00529801324503,0.00441501103753
Jalandhar,37,0.112652136994,0.692895556185,0.0925559015001,0.0384941975658,0.0155675063685,0.0113218228135,0.00877441268044,0.027738465893
Hoshiarpur,38,0.587355540449,0.369816451394,0.0246997507365,0.00883752549286,0.00294584183095,0.00226603217766,0.00226603217766,0.00181282574213
Kathua,7,0.822483221477,0.146308724832,0.0174496644295,0.00604026845638,0.00234899328859,0.00402684563758,0.00134228187919,0.0
Samba,22,0.595178719867,0.364089775561,0.0282626766417,0.00914380714879,0.00332502078138,0.0,0.0,0.0
Jammu,21,0.475950349108,0.324282389449,0.0826221877424,0.044220325834,0.0244375484872,0.0166795965865,0.011249030256,0.0205585725369
Udhampur,19,0.949883836708,0.0285429804182,0.0109525389977,0.00564221705941,0.00365084633256,0.00132758048457,0.0,0.0
Doda,16,0.978159684927,0.0204081632653,0.00143215180809,0.0,0.0,0.0,0.0,0.0
Ramban,17,0.990026595745,0.0093085106383,0.000664893617021,0.0,0.0,0.0,0.0,0.0
Reasi,20,0.955386649042,0.030403172505,0.0079312623926,0.00297422339722,0.00198281559815,0.00132187706543,0.0,0.0
Jaisalmer,114,0.982409466328,0.0157242693774,0.000933132147395,0.000416931385006,0.000218392630241,9.92693773825e-05,0.000158831003812,3.9707750953e-05
Jodhpur,113,0.950625962375,0.0319675972417,0.00672825868648,0.00254401820981,0.00170717011448,0.00137243087635,0.00130548302872,0.0037490794671
Nagaur,112,0.954048329227,0.0287035836251,0.00855920114123,0.00406345912765,0.00220464271819,0.00116716379199,0.000907794060433,0.000345826308736
Barmer,115,0.97313595002,0.0227896237946,0.00190139888632,0.000733396713296,0.000516093983431,0.000434605459731,0.000380279777265,0.000108651364933
Pali,118,0.937433523118,0.0496152161672,0.00675717950322,0.00218982669086,0.00156416192204,0.00106363010699,0.00075079772258,0.000625664768817
Jalor,116,0.978945083568,0.0155560379133,0.00303885391795,0.00159178062369,0.000723536647131,0.000144707329426,0.0,0.0
Sirohi,117,0.917261719963,0.0544861844148,0.0161440546414,0.00667494566905,0.0037255510711,0.00124185035703,0.000465693883887,0.0
Udaipur,130,0.933855469264,0.0468606028696,0.0071080689746,0.00309332631302,0.00164538633671,0.00177701724365,0.00190864815059,0.0037514808477
Banas Kantha,469,0.901762474901,0.0868595225701,0.00550308619023,0.00282590912471,0.00193351676954,0.000743660295977,0.000371830147988,0.0
Kachchh,468,0.962156219721,0.0280241484684,0.00374524856525,0.00177014235671,0.00136021465305,0.00104345233659,0.000894387717075,0.00100618618171
Jamnagar,477,0.845243314336,0.106386087973,0.0198012567587,0.00803741049247,0.0043840420868,0.00423790735058,0.00474937892737,0.00716060207511
Porbandar,478,0.728776978417,0.21726618705,0.0251798561151,0.0104316546763,0.00719424460432,0.00287769784173,0.00359712230216,0.00467625899281
Rajkot,476,0.735394214407,0.208735110607,0.0241066364152,0.00942994895065,0.00744469653999,0.00467952353942,0.00425411230856,0.00595575723199
Junagadh,479,0.490453834116,0.444444444444,0.0374543557642,0.010641627543,0.00625978090767,0.00417318727178,0.00365153886281,0.00292123109025
Amreli,480,0.805378627035,0.154281670205,0.0226468506723,0.00818926296633,0.00444848852492,0.00374077444141,0.00111212213123,0.00020220402386
Surendranagar,475,0.85256747613,0.126080745809,0.00924742500564,0.00488685061274,0.0027817457334,0.00210510487933,0.00142846402526,0.000902187805428
Bhavnagar,481,0.749928714001,0.193612774451,0.0266134397871,0.0115958559072,0.00627316794981,0.00494249596046,0.00294648797643,0.0040870639673
Ahmadabad,474,0.754207087705,0.150861215601,0.0331617501485,0.0186101762027,0.00910710750346,0.00574143733914,0.00405860225698,0.0242526232429
Patan,470,0.935479395033,0.0498126821146,0.00652143749133,0.00402386568614,0.00319134175108,0.00097127792424,0.0,0.0
Mahesana,471,0.495775660615,0.398166456948,0.0587812331476,0.024806758943,0.0133021750854,0.00575229192882,0.00305590508718,0.000359518245551
Gandhinagar,473,0.114972273567,0.614787430684,0.14011090573,0.0558225508318,0.0236598890943,0.0173752310536,0.0136783733826,0.0195933456562
Sabar Kantha,472,0.820762990572,0.162464371848,0.00953738215304,0.003508002631,0.00186362639772,0.00109625082219,0.000767375575532,0.0
Dungarpur,124,0.965610671113,0.022717799083,0.00625260525219,0.00375156315131,0.00125052105044,0.000416840350146,0.0,0.0
Kheda,483,0.691926205118,0.268399127157,0.0263836540369,0.00515770680421,0.00317397341797,0.00158698670899,0.00198373338623,0.00138861337036
Panch Mahals,484,0.918852584752,0.0558367847829,0.0139591961957,0.00674950145728,0.0021475686455,0.00153397760393,0.000920386562356,0.0
Vadodara,486,0.760501025807,0.158298239931,0.0391966310334,0.0126336248785,0.00701868048807,0.00377928949358,0.00453514739229,0.0140373609761
Anand,482,0.494156020658,0.431367219353,0.0413155748845,0.0171242185376,0.0062516988312,0.00353356890459,0.00516444686056,0.00108725197064
Bharuch,488,0.477600607441,0.335914958238,0.0692482915718,0.0402429764617,0.0290053151101,0.0168564920273,0.015337889142,0.0157934700076
Narmada,487,0.945275214763,0.0489977728285,0.00572701240853,0.0,0.0,0.0,0.0,0.0
Nandurbar,497,0.924168030551,0.0646481178396,0.00559192580469,0.00231860338243,0.00204582651391,0.000818330605565,0.000409165302782,0.0
Alirajpur,465,0.97897026831,0.0159535895577,0.00265893159294,0.00193376843123,0.000483442107808,0.0,0.0,0.0
Jhabua,464,0.957251206619,0.0349344978166,0.00298781889221,0.00229832222478,0.00160882555734,0.00091932888991,0.0,0.0
Dohad,485,0.965779467681,0.0254976515321,0.00313129053903,0.00246029970924,0.00134198165958,0.00134198165958,0.000447327219861,0.0
Banswara,125,0.963397548161,0.0264448336252,0.00385288966725,0.00175131348511,0.0015761821366,0.0015761821366,0.00105078809107,0.000350262697023
Ratlam,434,0.900798175599,0.076071021339,0.00879622088288,0.00407232448281,0.00325785958625,0.00276918064831,0.00244339468969,0.00179182277244
Dhar,438,0.917453518933,0.060741750219,0.0122651611019,0.00350433174341,0.00282293390441,0.00136279567799,0.0017521658717,9.73425484279e-05
Barwani,441,0.951494724502,0.0386869871043,0.00410316529894,0.00278429073857,0.00175849941383,0.000879249706917,0.000293083235639,0.0
West Nimar,440,0.93583048805,0.0475999196626,0.0105442860012,0.00311307491464,0.00180759188592,0.00080337417152,0.00030126531432,0.0
Indore,439,0.648981324278,0.224533106961,0.0443548387097,0.0191001697793,0.0135823429542,0.0129456706282,0.00997453310696,0.0265280135823
East Nimar,466,0.970769064826,0.0207097400496,0.00323589688275,0.00161794844138,0.00107863229425,0.000970769064826,0.0012943587531,0.000323589688275
Dewas,437,0.926331918906,0.0561056105611,0.00707213578501,0.00247524752475,0.0025931164545,0.00153229608675,0.00200377180575,0.001885902876
Ujjain,435,0.896191091026,0.0706262104584,0.0134280180762,0.00658489347966,0.00284054228535,0.00335700451904,0.00296965784377,0.00400258231117
Sehore,445,0.959090347299,0.0275614880732,0.00543814114448,0.00333704115684,0.00160672351996,0.0018539117538,0.00086515881844,0.00024718823384
Shajapur,436,0.878459237098,0.103216155572,0.0107205185739,0.00398903016704,0.00236848666168,0.00074794315632,0.00049862877088,0.0
Rajgarh,442,0.885644455879,0.0906869050682,0.0140210959609,0.00630306148701,0.00282994597376,0.000514535631592,0.0,0.0
Mandsaur,433,0.908813747228,0.0758037694013,0.00873059866962,0.00207871396896,0.00138580931264,0.00124722838137,0.00138580931264,0.000554323725055
Pratapgarh,131,0.979625250136,0.0140076405312,0.00345643078043,0.00218300891395,0.000363834818992,0.0,0.000363834818992,0.0
Jhalawar,129,0.939068547884,0.0463228867524,0.00686727431639,0.00374578599076,0.00262205019353,0.000874016731177,0.000499438132101,0.0
Kota,127,0.819877545209,0.104940908444,0.0303289192653,0.0139541506479,0.0106791969244,0.00598035027766,0.00455645735441,0.00968247187811
Baran,128,0.956546532847,0.0285127737226,0.00775547445255,0.00387773722628,0.00159671532847,0.000912408759124,0.000684306569343,0.000114051094891
Chittaurgarh,126,0.923399039935,0.0486160759882,0.0127668266776,0.00592380757839,0.0034725768563,0.0034725768563,0.00163415381473,0.000714942293943
Neemuch,432,0.884622623753,0.0907208733296,0.0131752305665,0.00564652738566,0.00150574063618,0.00188217579522,0.00150574063618,0.00094108789761
Rajsamand,123,0.869261962693,0.0893755068938,0.0254663422547,0.0110300081103,0.00421735604217,0.000648824006488,0.0,0.0
Bhilwara,122,0.944658182894,0.0435779816514,0.00540100621486,0.00170168688961,0.0015537141166,0.00103580941107,0.000739863865049,0.00133175495709
Ajmer,119,0.876150929771,0.0773605343925,0.017331648312,0.00920743816573,0.00631883011374,0.00333995306012,0.00406210507312,0.00622856111211
Jaipur,110,0.725901955384,0.192233544478,0.0371798402644,0.0143211236574,0.00743596805288,0.00495731203525,0.00323602313412,0.0147342329937
Tonk,120,0.965517241379,0.0227055702918,0.00519893899204,0.00275862068966,0.00201591511936,0.000636604774536,0.000742705570292,0.000424403183024
Dausa,109,0.89861447108,0.071695623488,0.0136353639762,0.00901693424236,0.00329887838135,0.00241917747966,0.00131955135254,0.0
Sawai Madhopur,108,0.967044757817,0.0174739423666,0.00505824647456,0.00429184549356,0.00275904353158,0.00245248313918,0.000919681177192,0.0
Bundi,121,0.922820655192,0.0577456968351,0.0104108828429,0.00374791782343,0.00138811771238,0.0018045530261,0.00152692948362,0.000555247084953
Sheopur,418,0.990564925109,0.00518929119,0.00176907654205,0.000943507489091,0.000943507489091,0.000589692180682,0.0,0.0
Shivpuri,423,0.977274409653,0.0164334887853,0.00288696424606,0.00103634613961,0.000740247242579,0.000740247242579,0.000666222518321,0.000222074172774
Guna,458,0.920440330248,0.0567925944458,0.0107580685514,0.00362772079059,0.00312734550913,0.00237678258694,0.00212659494621,0.000750562922192
Gwalior,421,0.890122908337,0.0635273211906,0.0149563157115,0.00784836369021,0.00503479934844,0.00503479934844,0.00429438767955,0.00918110469421
Morena,419,0.939426633785,0.0393033292232,0.0124845869297,0.00369913686806,0.00184956843403,0.00138717632552,0.00123304562269,0.000616522811344
Dhaulpur,106,0.957215189873,0.0288607594937,0.00556962025316,0.00303797468354,0.0020253164557,0.00227848101266,0.00101265822785,0.0
Karauli,107,0.964440993789,0.0248447204969,0.00403726708075,0.0026397515528,0.00248447204969,0.00124223602484,0.000310559006211,0.0
Bharatpur,105,0.919794964571,0.0562339816071,0.0123624302729,0.00497512437811,0.0016583747927,0.00195989748229,0.00150761344791,0.00150761344791
Mathura,145,0.765986394558,0.136507936508,0.0387755102041,0.0181405895692,0.0108843537415,0.0136054421769,0.00634920634921,0.00975056689342
Mahamaya Nagar,144,0.896075894782,0.0733074601121,0.0120741699008,0.00733074601121,0.00388098318241,0.00388098318241,0.0030185424752,0.000431220353601
Agra,146,0.78762926082,0.139410187668,0.0258521639219,0.0107238605898,0.00765990042129,0.00612792033704,0.0065109153581,0.0160857908847
Bhind,420,0.948709122203,0.0333907056799,0.00912220309811,0.00292598967298,0.00275387263339,0.00223752151463,0.000860585197935,0.0
Firozabad,147,0.860517076285,0.0855410150016,0.0271305458027,0.0102138525375,0.00893712097032,0.00414937759336,0.00223428024258,0.00127673156719
Etah,201,0.96729254997,0.0205935796487,0.00514839491217,0.00211992731678,0.00363416111448,0.00121138703816,0.0,0.0
Kansiram Nagar,202,0.970178156468,0.0205267234702,0.00542215336948,0.00309837335399,0.000774593338497,0.0,0.0,0.0
Shahjahanpur,152,0.955740650008,0.0244977951984,0.00800261309815,0.00506287767434,0.00228646088519,0.00179650498122,0.00195982361587,0.000653274538625
Farrukhabad,159,0.943078004216,0.0319747013352,0.00808151791989,0.00702740688686,0.00421644413212,0.00421644413212,0.00140548137737,0.0
Mainpuri,148,0.960451977401,0.0271186440678,0.00593220338983,0.00395480225989,0.00254237288136,0.0,0.0,0.0
Etawah,161,0.950263504611,0.032279314888,0.00691699604743,0.00296442687747,0.0036231884058,0.00296442687747,0.00098814229249,0.0
Kannauj,160,0.963086009598,0.0276854928018,0.0062753783684,0.00258397932817,0.000369139904024,0.0,0.0,0.0
Auraiya,162,0.882779686903,0.0626193203513,0.0194730813288,0.00954562810233,0.0053455517373,0.00801832760596,0.00840015273005,0.00381825124093
Jalaun,165,0.957891190837,0.0272865083375,0.00808489135927,0.00235809331312,0.00185278760317,0.00101061141991,0.00117904665656,0.000336870473303
Datia,422,0.920147420147,0.0544635544636,0.0118755118755,0.0036855036855,0.004914004914,0.0020475020475,0.002457002457,0.0004095004095
Tikamgarh,424,0.939584934666,0.0487317448117,0.00676402767102,0.00184473481937,0.00153727901614,0.00122982321291,0.000307455803228,0.0
Jhansi,166,0.902703528334,0.06292958607,0.0151214296624,0.00626241026424,0.00305483427524,0.00305483427524,0.00305483427524,0.00381854284405
Lalitpur,167,0.976991970352,0.0160592958616,0.00293390982088,0.00185299567634,0.0012353304509,0.000926497838172,0.0,0.0
Hamirpur,168,0.971869328494,0.0212341197822,0.00617059891107,0.000725952813067,0.0,0.0,0.0,0.0
Mahoba,169,0.960604425256,0.0321100917431,0.0056664867782,0.00161899622234,0.0,0.0,0.0,0.0
Chhatarpur,425,0.95699407434,0.0287304722571,0.00700305261268,0.00314239540312,0.00161608906446,0.00116717543545,0.000987609983839,0.000359130903214
Sagar,427,0.944628672785,0.041258579471,0.00570679416982,0.00293051592504,0.00161949564279,0.00154237680265,0.00123390144212,0.00107966376186
Damoh,428,0.969703435033,0.021548965223,0.00352037550672,0.0012801365479,0.00117345850224,0.00117345850224,0.000853424365266,0.000746746319607
Raisen,446,0.955421916762,0.0356051928217,0.00467735777014,0.00143184421535,0.00133638793433,0.000477281405116,0.000763650248186,0.00028636884307
Vidisha,443,0.976013767882,0.0145208131655,0.00441002473916,0.00225879315908,0.00118317736904,0.000860492632032,0.000645369474024,0.000107561579004
Ashoknagar,459,0.971951823131,0.019633723808,0.00527965682231,0.00197987130836,0.000989935654182,0.000164989275697,0.0,0.0
Bhopal,444,0.729546792231,0.142436727487,0.0317834020012,0.0161859917599,0.0144202472042,0.0103001765745,0.0135373749264,0.0417892878164
Harda,448,0.952655611632,0.0389329488104,0.00336457582312,0.00216294160058,0.00192261475607,0.000961307378034,0.0,0.0
Hoshangabad,449,0.909551986475,0.0678661997343,0.0119550778891,0.0043473010506,0.0028982007004,0.00181137543775,0.0014491003502,0.000120758362517
Betul,447,0.976680604696,0.0152782245095,0.00426182052107,0.00152782245095,0.00120617561917,0.000562881955613,0.000482470247668,0.0
Chhindwara,455,0.947285114583,0.0390888445393,0.00757002271007,0.00323446424885,0.00151400454201,0.00061936549446,0.00041291032964,0.000275273553093
Narsimhapur,452,0.836178543461,0.144557556774,0.0112764291308,0.00485512920908,0.00156617071261,0.00125293657009,0.000313234142522,0.0
Jabalpur,451,0.801517067004,0.138432364096,0.0235461441214,0.0096396965866,0.00505689001264,0.00505689001264,0.00553097345133,0.0112199747155
Seoni,456,0.984547865045,0.0115205266526,0.00118862576575,0.00100576026333,0.000914327512115,0.000548596507269,0.000274298253634,0.0
Mandla,454,0.983940834654,0.011410459588,0.00243000528262,0.00095087163233,0.000845219228737,0.000422609614369,0.0,0.0
Balaghat,457,0.975036837999,0.0195891479587,0.00303371760423,0.000866776458351,0.000866776458351,0.000433388229176,0.00017335529167,0.0
Dindori,453,0.997230684021,0.00276931597895,0.0,0.0,0.0,0.0,0.0,0.0
Katni,450,0.938043478261,0.0403726708075,0.00652173913043,0.00496894409938,0.00326086956522,0.00201863354037,0.00248447204969,0.00232919254658
Umaria,431,0.967136958018,0.0230557467309,0.00929112181693,0.000516173434274,0.0,0.0,0.0,0.0
Panna,426,0.986837739188,0.00951222209933,0.00121667957084,0.000995465103418,0.000884857869705,0.000442428934852,0.000110607233713,0.0
Satna,429,0.930886658302,0.0492471769134,0.00972396486826,0.00376411543287,0.00177749895441,0.00135926390632,0.00156838143036,0.00167294019239
Banda,170,0.976426375128,0.0136658694909,0.00478305432183,0.00204988042364,0.00136658694909,0.00051247010591,0.00102494021182,0.000170823368637
Chitrakoot,171,0.972802820448,0.0206497104004,0.00352556031226,0.00201460589272,0.00100730294636,0.0,0.0,0.0
Shahdol,460,0.966850828729,0.0183701657459,0.0042817679558,0.00414364640884,0.00276243093923,0.00220994475138,0.00138121546961,0.0
Sidhi,462,0.986026631596,0.00904159132007,0.00246588854184,0.0014795331251,0.000986355416735,0.0,0.0,0.0
Rewa,430,0.955175829619,0.0295938583457,0.00656265477959,0.00260029717682,0.00222882615156,0.00148588410104,0.00123823675087,0.00111441307578
Kaushambi,174,0.929804372842,0.0448791714614,0.00805523590334,0.0042194092827,0.00460299194476,0.00383582662064,0.00306866129651,0.00153433064825
Allahabad,175,0.8713965646,0.0840926064227,0.0138909634055,0.0083644510829,0.00537714712472,0.00552651232263,0.00492905153099,0.00642270351008
Sant Ravi Das Nagar(bhadohi),198,0.778033794163,0.174347158218,0.026113671275,0.0099846390169,0.00844854070661,0.00307219662058,0.0,0.0
Mirzapur,199,0.9375,0.0461432506887,0.00843663911846,0.00241046831956,0.00206611570248,0.00103305785124,0.00189393939394,0.00051652892562
Singrauli,463,0.943878244327,0.0195678760701,0.00801739366762,0.00625084930018,0.00679440141324,0.004620192961,0.00407664084794,0.00679440141324
Koriya,400,0.971287842383,0.0163382988948,0.00708793849111,0.00216242191254,0.00180201826045,0.00120134550697,0.000120134550697,0.0
Anuppur,461,0.915489989463,0.0505795574289,0.0263435194942,0.00526870389884,0.00231822971549,0.0,0.0,0.0
Kabeerdham,407,0.993416102333,0.00583145221971,0.000752445447705,0.0,0.0,0.0,0.0,0.0
Bilaspur,406,0.956496851746,0.0318641480633,0.00429307384087,0.00209883609998,0.00162182789544,0.00124022133181,0.00133562297272,0.00104941804999
Korba,404,0.927536231884,0.0283765680185,0.0130312994763,0.00962123980027,0.00718548288881,0.00608939227865,0.00462793813177,0.00353184752162
Surguja,401,0.986627936095,0.00866429608855,0.00225371863575,0.0012019832724,0.0005008263635,0.00045074372715,0.0003004958181,0.0
Sonbhadra,200,0.936784295396,0.0259406403365,0.012853470437,0.00677728441225,0.00432344005609,0.00479083898107,0.00373919139986,0.00479083898107
Garhwa,346,0.994279176201,0.00572082379863,0.0,0.0,0.0,0.0,0.0,0.0
Jashpur,402,0.993196353245,0.00653150088447,0.000272145870186,0.0,0.0,0.0,0.0,0.0
Raigarh,403,0.970161107329,0.0190605854323,0.00521896982074,0.00238257317903,0.00136147038802,0.00068073519401,0.00102110279101,0.000113455865668
Gumla,366,0.996173657101,0.00382634289919,0.0,0.0,0.0,0.0,0.0,0.0
Simdega,367,0.997699226103,0.00209161263334,0.000209161263334,0.0,0.0,0.0,0.0,0.0
Sundargarh,374,0.950388373841,0.0264762382026,0.00760043431053,0.00459366908878,0.00258915894095,0.00200451014783,0.00200451014783,0.0043431053203
Ranchi,364,0.923948220065,0.0440129449838,0.0147249190939,0.00760517799353,0.00550161812298,0.00194174757282,0.00177993527508,0.000485436893204
Lohardaga,356,0.985668789809,0.0143312101911,0.0,0.0,0.0,0.0,0.0,0.0
Latehar,359,0.999446902655,0.000553097345133,0.0,0.0,0.0,0.0,0.0,0.0
Chatra,347,0.988097723951,0.00626435581541,0.00354980162873,0.00187930674462,0.000208811860514,0.0,0.0,0.0
Palamu,358,0.987438075018,0.00884642604388,0.00336164189667,0.000353857041755,0.0,0.0,0.0,0.0
Rohtas,234,0.964465980214,0.0284675953967,0.00565313951141,0.00141328487785,0.0,0.0,0.0,0.0
Kaimur (bhabua),233,0.984219076352,0.0157809236482,0.0,0.0,0.0,0.0,0.0,0.0
Aurangabad,235,0.979586992642,0.0175646807501,0.00284832660812,0.0,0.0,0.0,0.0,0.0
Gaya,236,0.969520816968,0.0177533385703,0.00597014925373,0.00298507462687,0.00157109190888,0.00141398271799,0.000628436763551,0.000157109190888
Bhojpur,231,0.978140293638,0.0146818923328,0.00489396411093,0.00228384991843,0.0,0.0,0.0,0.0
Arwal,240,1.0,0.0,0.0,0.0,0.0,0.0,0.0,0.0
Jehanabad,239,0.9725,0.0266666666667,0.000833333333333,0.0,0.0,0.0,0.0,0.0
Patna,230,0.882208588957,0.0608588957055,0.0191411042945,0.0078527607362,0.0078527607362,0.00687116564417,0.00760736196319,0.00760736196319
Buxar,232,0.980063434527,0.0144993203444,0.00543724512913,0.0,0.0,0.0,0.0,0.0
Ghazipur,195,0.973034734918,0.0191956124314,0.00411334552102,0.00228519195612,0.00137111517367,0.0,0.0,0.0
Chandauli,196,0.930738584125,0.0361630401471,0.012258657677,0.00827459393196,0.00490346307079,0.00337113086117,0.0036775973031,0.000612932883849
Varanasi,197,0.5585,0.29,0.0375,0.022,0.0165,0.016,0.0155,0.044
Jaunpur,194,0.963232477978,0.0250861738797,0.00478743776331,0.00248946763692,0.00172347759479,0.00210647261586,0.000574492531597,0.0
Pratapgarh,173,0.953634085213,0.0329991645781,0.00522138680033,0.00292397660819,0.00187969924812,0.00167084377611,0.00167084377611,0.0
Azamgarh,191,0.968411552347,0.0214801444043,0.0043321299639,0.00252707581227,0.00198555956679,0.00108303249097,0.000180505415162,0.0
Ambedkar Nagar,178,0.944555112882,0.0454847277556,0.00929614873838,0.00066401062417,0.0,0.0,0.0,0.0
Sultanpur,179,0.960808221564,0.0273471520641,0.00539975614005,0.00243859954712,0.00209022818324,0.00156767113743,0.000348371363874,0.0
Faizabad,177,0.851022122655,0.109493139177,0.0159619154299,0.00532063847662,0.00672080649678,0.00588070568468,0.00392047045645,0.00168020162419
