South Andaman,640,0.992484028561,0.00563697857948,0.00187899285983,0.0
Nicobar,638,1.0,0.0,0.0,0.0
North & Middle Andaman,639,1.0,0.0,0.0,0.0
Lawangtlai,287,1.0,0.0,0.0,0.0
Lunglei,286,1.0,0.0,0.0,0.0
Saiha,288,1.0,0.0,0.0,0.0
Dibang Valley,257,1.0,0.0,0.0,0.0
Upper Siang,252,1.0,0.0,0.0,0.0
Lower Dibang Valley,258,1.0,0.0,0.0,0.0
Tuensang,267,1.0,0.0,0.0,0.0
Mon,261,1.0,0.0,0.0,0.0
Tirap,254,1.0,0.0,0.0,0.0
Sivasagar,311,0.923879680786,0.0448127685697,0.0211786372007,0.0101289134438
Changlang,253,0.995113757826,0.00259581615514,0.00213773095129,0.000152695067949
Lohit,259,0.998424266299,0.001575733701,0.0,0.0
Anjaw,260,1.0,0.0,0.0,0.0
Tinsukia,309,0.958248702325,0.0279846535771,0.0101557210562,0.0036109230422
Dhemaji,308,1.0,0.0,0.0,0.0
Dibrugarh,310,0.826430452478,0.101747665789,0.0418960976778,0.0299257840555
East Siang,251,1.0,0.0,0.0,0.0
West Siang,250,1.0,0.0,0.0,0.0
Upper Subansiri,249,1.0,0.0,0.0,0.0
Jorhat,312,0.982045277127,0.0145719489982,0.00338277387458,0.0
Lakhimpur,307,1.0,0.0,0.0,0.0
Lower Subansiri,255,1.0,0.0,0.0,0.0
Papum Pare,248,0.999582201797,0.000417798203468,0.0,0.0
Kurung Kumey,256,1.0,0.0,0.0,0.0
East Kameng,247,1.0,0.0,0.0,0.0
West Kameng,246,1.0,0.0,0.0,0.0
Tawang,245,1.0,0.0,0.0,0.0
Sonitpur,306,0.995974355151,0.00402564484867,0.0,0.0
Golaghat,313,0.963406214039,0.0204833141542,0.0119677790564,0.00414269275029
Karbi Anglong,314,0.999400479616,0.000524580335731,7.49400479616e-05,0.0
Nagaon,305,0.993675889328,0.00592885375494,0.000395256916996,0.0
Marigaon,304,0.996977329975,0.00302267002519,0.0,0.0
Jaintia Hills,299,1.0,0.0,0.0,0.0
Dima Hasao,315,1.0,0.0,0.0,0.0
Dimapur,265,0.956375838926,0.0357941834452,0.00671140939597,0.00111856823266
Peren,271,1.0,0.0,0.0,0.0
Kohima,270,0.999410724808,0.000589275191514,0.0,0.0
Wokha,264,1.0,0.0,0.0,0.0
Phek,266,1.0,0.0,0.0,0.0
Zunheboto,263,1.0,0.0,0.0,0.0
Mokokchung,262,1.0,0.0,0.0,0.0
Longleng,268,1.0,0.0,0.0,0.0
Kiphire,269,1.0,0.0,0.0,0.0
Senapati,272,1.0,0.0,0.0,0.0
Ukhrul,279,1.0,0.0,0.0,0.0
Tamenglong,273,1.0,0.0,0.0,0.0
Imphal East,278,0.905156537753,0.0589318600368,0.0220994475138,0.0138121546961
Chandel,280,1.0,0.0,0.0,0.0
Thoubal,276,1.0,0.0,0.0,0.0
Bishnupur,275,1.0,0.0,0.0,0.0
Churachandpur,274,1.0,0.0,0.0,0.0
Champhai,284,1.0,0.0,0.0,0.0
Aizawl,283,0.997950352995,0.000455477112275,0.000683215668413,0.00091095422455
Serchhip,285,1.0,0.0,0.0,0.0
Mamit,281,1.0,0.0,0.0,0.0
Kolasib,282,1.0,0.0,0.0,0.0
Hailakandi,318,0.994571773221,0.00542822677925,0.0,0.0
Karimganj,317,0.993559467583,0.00644053241735,0.0,0.0
Cachar,316,0.991789109767,0.00777873811582,0.000432152117545,0.0
Imphal West,277,1.0,0.0,0.0,0.0
Ri Bhoi,297,0.998545983279,0.00145401672119,0.0,0.0
East Khasi Hills,298,0.99837977965,0.000972132209981,0.000648088139987,0.0
West Khasi Hills,296,1.0,0.0,0.0,0.0
West Tripura,289,0.948816568047,0.0286982248521,0.0127218934911,0.00976331360947
Dhalai,291,1.0,0.0,0.0,0.0
North Tripura,292,0.990116029222,0.00988397077783,0.0,0.0
South Tripura,290,0.997031039136,0.0029689608637,0.0,0.0
South Garo Hills,295,1.0,0.0,0.0,0.0
East Garo Hills,294,1.0,0.0,0.0,0.0
West Garo Hills,293,1.0,0.0,0.0,0.0
Dhubri,301,0.996979865772,0.00302013422819,0.0,0.0
Goalpara,302,0.998036906164,0.00196309383589,0.0,0.0
Bongaigaon,319,0.994883040936,0.00511695906433,0.0,0.0
Chirang,320,0.97988377291,0.0156459544032,0.00447027268663,0.0
Kokrajhar,300,0.999031007752,0.000968992248062,0.0,0.0
Barpeta,303,1.0,0.0,0.0,0.0
Baksa,324,1.0,0.0,0.0,0.0
Kamrup,321,0.988241582042,0.00962052378407,0.00213789417424,0.0
Kamrup Metropolitan,322,0.886763580719,0.052792654935,0.03519510329,0.0252486610559
Nalbari,323,1.0,0.0,0.0,0.0
Darrang,325,0.999521988528,0.000478011472275,0.0,0.0
Udalguri,326,1.0,0.0,0.0,0.0
Leh (ladakh),3,1.0,0.0,0.0,0.0
Data Not Available,0,0.996887838695,0.00265933360229,0.000370495393507,8.23323096683e-05
Punch,5,1.0,0.0,0.0,0.0
Kupwara,1,1.0,0.0,0.0,0.0
Baramula,8,0.989260636101,0.00784799669558,0.00289136720363,0.0
Bandipore,9,1.0,0.0,0.0,0.0
Ganderbal,11,1.0,0.0,0.0,0.0
Srinagar,10,0.951236263736,0.0357142857143,0.0130494505495,0.0
Badgam,2,0.979352678571,0.0206473214286,0.0,0.0
Pulwama,12,1.0,0.0,0.0,0.0
Shupiyan,13,1.0,0.0,0.0,0.0
Rajouri,6,0.997710797406,0.00228920259443,0.0,0.0
Kulgam,15,1.0,0.0,0.0,0.0
Anantnag,14,1.0,0.0,0.0,0.0
Kargil,4,1.0,0.0,0.0,0.0
Kishtwar,18,0.997584943371,0.00241505662891,0.0,0.0
Lahul & Spiti,25,1.0,0.0,0.0,0.0
Chamba,23,0.999071387115,0.000928612884504,0.0,0.0
Kangra,24,0.992262100757,0.00724399078038,0.000493908462298,0.0
Kullu,26,0.997541319492,0.00245868050813,0.0,0.0
Kinnaur,34,1.0,0.0,0.0,0.0
Mandi,27,0.992061917047,0.00793808295297,0.0,0.0
Hamirpur,28,0.997481108312,0.00251889168766,0.0,0.0
Solan,31,0.930565010211,0.0565010211028,0.0122532334922,0.00068073519401
Bilaspur,30,0.965270684372,0.0347293156282,0.0,0.0
Una,29,0.955872809864,0.0408825438027,0.00324464633355,0.0
Rupnagar,51,0.887583892617,0.0788590604027,0.0285234899329,0.00503355704698
Shahid Bhagat Singh Nagar,39,0.937066974596,0.0548498845266,0.0080831408776,0.0
Shimla,33,0.997645581541,0.00204049599749,0.000156961230576,0.000156961230576
Sirmaur,32,0.990440949738,0.0095590502621,0.0,0.0
Uttarkashi,56,1.0,0.0,0.0,0.0
Chamoli,57,1.0,0.0,0.0,0.0
Tehri Garhwal,59,0.98607007176,0.00949767834529,0.00443224989447,0.0
Rudraprayag,58,1.0,0.0,0.0,0.0
Dehradun,60,0.93555032372,0.0420835785756,0.015303119482,0.00706297822248
Garhwal,61,0.99351628468,0.00542822677925,0.00105548854041,0.0
Saharanpur,132,0.973965691221,0.0155398587286,0.00726538849647,0.00322906155399
Hardwar,68,0.944,0.032,0.01536,0.00864
Muzaffarnagar,133,0.964716805942,0.0246982358403,0.00779944289694,0.00278551532033
Bijnor,134,0.98668768611,0.0129619898406,0.000350324049746,0.0
Almora,64,0.995913919913,0.00408608008717,0.0,0.0
Nainital,66,0.98251607717,0.0138665594855,0.0032154340836,0.00040192926045
Udham Singh Nagar,67,0.904193360513,0.0786255096098,0.0122306348282,0.0049504950495
Rampur,136,0.975846833579,0.0129602356406,0.00736377025037,0.00382916053019
Moradabad,135,0.94787322769,0.033778148457,0.0110508757298,0.00729774812344
Bareilly,150,0.959483975005,0.0245918161661,0.00806289054626,0.0078613182826
Budaun,149,0.987933859675,0.00804409354983,0.00402204677491,0.0
Jyotiba Phule Nagar,137,0.982142857143,0.0161725067385,0.0016846361186,0.0
Bulandshahr,142,0.965206185567,0.0231958762887,0.009235395189,0.00236254295533
Ghaziabad,140,0.800787401575,0.115354330709,0.0433070866142,0.0405511811024
Meerut,138,0.906083874778,0.0513880685174,0.0221500295334,0.0203780271707
Baghpat,139,0.969903463941,0.0255536626917,0.0045428733674,0.0
Sonipat,76,0.789620341344,0.163706025775,0.0334378265413,0.0132358063393
North West,90,0.0178926441352,0.252485089463,0.324055666004,0.405566600398
Gautam Buddha Nagar,141,0.726769911504,0.131637168142,0.0613938053097,0.0801991150442
Aligarh,143,0.965846716812,0.0176865216507,0.00711526733076,0.00935149420614
Faridabad,88,0.523381294964,0.229316546763,0.0809352517986,0.166366906475
Palwal,89,0.926327812678,0.0462592804112,0.0188463735009,0.00856653340948
Mewat,87,0.9533437014,0.0419906687403,0.00362882322447,0.00103680663556
Gurgaon,86,0.58812381554,0.257106759318,0.0789639924195,0.0758054327227
South,98,0.00766283524904,0.164750957854,0.130268199234,0.697318007663
New Delhi,94,0.0,0.0,0.0,1.0
South West,97,0.0258064516129,0.279569892473,0.161290322581,0.533333333333
Central,95,0.0,0.0,0.0,1.0
East,93,0.0,0.0,0.0,1.0
North East,92,0.0196078431373,0.176470588235,0.078431372549,0.725490196078
North,91,0.0,0.0428571428571,0.114285714286,0.842857142857
West,96,0.0,0.0,0.190476190476,0.809523809524
Jhajjar,83,0.942232630757,0.0417642466823,0.0113192818111,0.00468384074941
Alwar,104,0.965520454757,0.0247879973907,0.00559127760693,0.00410027024508
Rewari,85,0.87163876205,0.0821917808219,0.0385591070523,0.0076103500761
Rohtak,82,0.918563922942,0.0529772329247,0.0122591943958,0.0161996497373
Bhiwani,81,0.963722140882,0.0252155523019,0.0069952822515,0.00406702456483
Jind,77,0.935724137931,0.0435862068966,0.0146206896552,0.00606896551724
Panipat,75,0.714810281518,0.183598531212,0.0538555691554,0.0477356181151
Karnal,74,0.778625954198,0.17924795024,0.0308170766186,0.0113090189426
Kaithal,73,0.913326816553,0.0664711632454,0.0146627565982,0.00553926360378
Kurukshetra,72,0.762647754137,0.18061465721,0.0401891252955,0.016548463357
Patiala,48,0.859941454627,0.0956991668543,0.0288223373114,0.0155370412069
Ambala,70,0.821358267717,0.113188976378,0.0295275590551,0.0359251968504
Yamunanagar,71,0.872415310163,0.087989441267,0.0202375714914,0.0193576770788
Panchkula,69,0.835660580021,0.107411385607,0.0204081632653,0.0365198711063
Sahibzada Ajit Singh Nagar,52,0.648335745297,0.248191027496,0.082489146165,0.020984081042
Chandigarh,55,0.0,0.018018018018,0.0900900900901,0.891891891892
Fatehgarh Sahib,40,0.862248213125,0.107212475634,0.0279402209227,0.00259909031839
Ludhiana,41,0.760083160083,0.15738045738,0.037422037422,0.0451143451143
Sangrur,53,0.908940739211,0.0675201321495,0.0171381375181,0.00640099112121
Barnala,54,0.918245264207,0.0643070787637,0.0109670987039,0.00648055832502
Moga,42,0.909376966646,0.0752045311517,0.009754562618,0.00566393958464
Bathinda,46,0.915272887324,0.0598591549296,0.0143045774648,0.0105633802817
Faridkot,45,0.912977099237,0.0539440203562,0.0229007633588,0.0101781170483
Mansa,47,0.959245537218,0.0333445604581,0.00673627484001,0.000673627484001
Fatehabad,78,0.928926132837,0.052451893234,0.0127250155183,0.00589695841092
Sirsa,79,0.957768784093,0.0279781805384,0.00879816998064,0.005454865388
Hisar,80,0.926751024773,0.045446444484,0.0180003564427,0.00980217430048
Mahendragarh,84,0.950254602429,0.0379945162554,0.00900900900901,0.00274187230709
Jhunjhunun,103,0.956360378807,0.0322498080369,0.00972613258254,0.00166368057333
Churu,102,0.983765881203,0.0103702899338,0.00428928222391,0.00157454663916
Sikar,111,0.967563291139,0.0229430379747,0.00524129746835,0.00425237341772
Hanumangarh,100,0.975065913371,0.0183050847458,0.00504708097928,0.00158192090395
Bikaner,101,0.990597884524,0.0054262208997,0.00172538821235,0.00225050636393
Ganganagar,99,0.969781757135,0.0217543368774,0.00573587017348,0.00272803581421
Muktsar,44,0.936521491603,0.0395673213777,0.0167947623114,0.00711642470823
Firozpur,43,0.916524701874,0.0576377058489,0.0170357751278,0.00880181714935
Amritsar,49,0.707020453289,0.233830845771,0.0273631840796,0.0317855168601
Gurdaspur,35,0.866341661588,0.107454803981,0.0176721511274,0.00853138330286
Tarn Taran,50,0.841863315967,0.144652160588,0.0110327919093,0.0024517315354
Kapurthala,36,0.883885209713,0.087417218543,0.0189845474614,0.00971302428256
Jalandhar,37,0.805547693179,0.131050099066,0.026889329182,0.0365128785735
Hoshiarpur,38,0.957171991842,0.0335372762293,0.00521187400861,0.00407885791978
Kathua,7,0.968791946309,0.0234899328859,0.00637583892617,0.00134228187919
Samba,22,0.959268495428,0.0374064837905,0.00332502078138,0.0
Jammu,21,0.800232738557,0.126842513576,0.0411171450737,0.0318076027929
Udhampur,19,0.978426817126,0.0165947560571,0.00497842681713,0.0
Doda,16,0.998567848192,0.00143215180809,0.0,0.0
Ramban,17,0.999335106383,0.000664893617021,0.0,0.0
Reasi,20,0.985789821547,0.0109054857898,0.00330469266358,0.0
Jaisalmer,114,0.998133735705,0.0013500635324,0.000317662007624,0.000198538754765
Jodhpur,113,0.982593559617,0.0092722768963,0.00307960099083,0.00505456249582
Nagaur,112,0.982751912852,0.0126226602689,0.00337180651018,0.00125362036917
Barmer,115,0.995925573815,0.00263479559962,0.000950699443162,0.000488931142197
Pali,118,0.987048739285,0.00894700619408,0.00262779202903,0.0013764624914
Jalor,116,0.994501121482,0.00463063454164,0.000868243976557,0.0
Sirohi,117,0.971747904378,0.0228190003105,0.00496740142813,0.000465693883887
Udaipur,130,0.980716072134,0.0102013952876,0.00342240358036,0.00566012899829
Banas Kantha,469,0.988621997472,0.00832899531494,0.00267717706552,0.000371830147988
Kachchh,468,0.99018036819,0.00551539092196,0.00240366698964,0.00190057389879
Jamnagar,477,0.951629402309,0.0278386672512,0.00862194943738,0.0119099810025
Porbandar,478,0.946043165468,0.0356115107914,0.010071942446,0.00827338129496
Rajkot,476,0.944129325014,0.0335365853659,0.0121242200794,0.0102098695406
Junagadh,479,0.93489827856,0.0480959833073,0.0104329681794,0.00657276995305
Amreli,480,0.95966029724,0.0308361136387,0.00818926296633,0.00131432615509
Surendranagar,475,0.978648221938,0.0141342756184,0.00488685061274,0.00233065183069
Bhavnagar,481,0.943541488452,0.0382092956943,0.0112156639103,0.00703355194373
Ahmadabad,474,0.905068303306,0.0517719263512,0.0148485448426,0.0283112254999
Patan,470,0.985292077147,0.0105453031775,0.00416261967532,0.0
Mahesana,471,0.893942117562,0.0835879920906,0.0190544670142,0.00341542333273
Gandhinagar,473,0.729759704251,0.195933456562,0.0410351201479,0.0332717190388
Sabar Kantha,472,0.983227362421,0.013045384784,0.00295987721991,0.000767375575532
Dungarpur,124,0.988328470196,0.0100041684035,0.00166736140058,0.0
Kheda,483,0.960325332275,0.0315413608411,0.00476096012696,0.0033723467566
Panch Mahals,484,0.974689369535,0.020708697653,0.00368154624942,0.000920386562356
Vadodara,486,0.918799265738,0.0518302559119,0.0107979699816,0.0185725083684
Anand,482,0.925523240011,0.0584397934221,0.0097852677358,0.0062516988312
Bharuch,488,0.81351556568,0.109491268033,0.0458618071374,0.0311313591496
Narmada,487,0.994272987591,0.00572701240853,0.0,0.0
Nandurbar,497,0.988816148391,0.00791052918712,0.00286415711948,0.000409165302782
Alirajpur,465,0.994923857868,0.00459270002417,0.000483442107808,0.0
Jhabua,464,0.992185704436,0.00528614111698,0.00252815444725,0.0
Dohad,485,0.991277119213,0.00559159024827,0.00268396331917,0.000447327219861
Banswara,125,0.989842381786,0.00560420315236,0.0031523642732,0.00140105078809
Ratlam,434,0.976869196938,0.0128685453657,0.00602704023457,0.00423521746213
Dhar,438,0.978195269152,0.0157694928453,0.0041857295824,0.00184950842013
Barwani,441,0.990181711606,0.00688745603751,0.00263774912075,0.000293083235639
West Nimar,440,0.983430407712,0.0136573609158,0.00261096605744,0.00030126531432
Indore,439,0.873514431239,0.063455008489,0.0265280135823,0.0365025466893
East Nimar,466,0.991478804875,0.00485384532413,0.00204940135908,0.00161794844138
Dewas,437,0.982437529467,0.00954738330976,0.00412541254125,0.00388967468175
Ujjain,435,0.966817301485,0.0200129115558,0.00619754680439,0.00697224015494
Sehore,445,0.986651835373,0.00877518230132,0.00346063527376,0.00111234705228
Shajapur,436,0.98167539267,0.014709548741,0.003116429818,0.00049862877088
Rajgarh,442,0.976331360947,0.0203241574479,0.00334448160535,0.0
Mandsaur,433,0.98461751663,0.0108093126386,0.00263303769401,0.00194013303769
Pratapgarh,131,0.993632890668,0.00563943969438,0.000363834818992,0.000363834818992
Jhalawar,129,0.985391434636,0.0106130603072,0.00349606692471,0.000499438132101
Kota,127,0.924818453652,0.0442830699131,0.0166595472021,0.0142389292325
Baran,128,0.985059306569,0.0116332116788,0.00250912408759,0.000798357664234
Chittaurgarh,126,0.972015115923,0.0186906342559,0.00694515371259,0.00234909610867
Neemuch,432,0.975343497083,0.0188217579522,0.00338791643139,0.00244682853379
Rajsamand,123,0.958637469586,0.036496350365,0.00486618004866,0.0
Bhilwara,122,0.988236164546,0.00710269310447,0.00258952352767,0.00207161882214
Ajmer,119,0.953511464163,0.0265390864777,0.00965878317386,0.0102906661852
Jaipur,110,0.918135499862,0.0515009639218,0.0123932800881,0.0179702561278
Tonk,120,0.988222811671,0.0079575596817,0.0026525198939,0.00116710875332
Dausa,109,0.970310094568,0.0226522982186,0.00571805586101,0.00131955135254
Sawai Madhopur,108,0.984518700184,0.00935009196812,0.00521152667075,0.000919681177192
Bundi,121,0.980566352027,0.0141588006663,0.00319267073848,0.00208217656857
Sheopur,418,0.995754216299,0.00271258403114,0.00153319966977,0.0
Shivpuri,423,0.993707898438,0.00392331038567,0.00148049448516,0.000888296691095
Guna,458,0.977232924694,0.014385789342,0.00550412809607,0.0028771578684
Gwalior,421,0.953650229528,0.0228046794017,0.0100695986969,0.0134754923738
Morena,419,0.978729963009,0.0161837237978,0.00323674475956,0.00184956843403
Dhaulpur,106,0.986075949367,0.00860759493671,0.00430379746835,0.00101265822785
Karauli,107,0.989285714286,0.00667701863354,0.00372670807453,0.000310559006211
Bharatpur,105,0.976028946178,0.017337554651,0.00361827227499,0.00301522689582
Mathura,145,0.902494331066,0.0569160997732,0.0244897959184,0.0160997732426
Mahamaya Nagar,144,0.969383354894,0.019404915912,0.00776196636481,0.00344976282881
Agra,146,0.927039448487,0.0365760245117,0.0137878207583,0.0225967062428
Bhind,420,0.982099827883,0.0120481927711,0.00499139414802,0.000860585197935
Firozabad,147,0.946058091286,0.0373443983402,0.0130864985637,0.00351101180977
Etah,201,0.987886129618,0.00726832222895,0.00484554815263,0.0
Kansiram Nagar,202,0.990704879938,0.00852052672347,0.000774593338497,0.0
Shahjahanpur,152,0.980238445207,0.0130654907725,0.00408296586641,0.0026130981545
Farrukhabad,159,0.975052705552,0.0151089248067,0.00843288826423,0.00140548137737
Mainpuri,148,0.987570621469,0.00988700564972,0.00254237288136,0.0
Etawah,161,0.982542819499,0.0098814229249,0.00658761528327,0.00098814229249
Kannauj,160,0.990771502399,0.00885935769657,0.000369139904024,0.0
Auraiya,162,0.945399007255,0.0290187094311,0.0133638793433,0.012218403971
Jalaun,165,0.985177699175,0.0104429846724,0.00286339902308,0.00151591712986
Datia,422,0.974610974611,0.015561015561,0.00696150696151,0.0028665028665
Tikamgarh,424,0.988316679477,0.00860876249039,0.00276710222905,0.000307455803228
Jhansi,166,0.965633114404,0.0213838399267,0.00610966855048,0.00687337711929
Lalitpur,167,0.993051266214,0.00478690549722,0.00216182828907,0.0
Hamirpur,168,0.993103448276,0.00689655172414,0.0,0.0
Mahoba,169,0.992714516999,0.00728548300054,0.0,0.0
Chhatarpur,425,0.985724546597,0.0101454480158,0.00278326449991,0.00134674088705
Sagar,427,0.985887252256,0.00863731009486,0.00316187244544,0.00231356520398
Damoh,428,0.991252400256,0.00480051205462,0.00234691700448,0.00160017068487
Raisen,446,0.991027109584,0.00610920198549,0.00181366933944,0.00105001909126
Vidisha,443,0.990534581048,0.00666881789825,0.00204367000108,0.000752931053028
Ashoknagar,459,0.991585546939,0.00725952813067,0.00115492492988,0.0
Bhopal,444,0.871983519717,0.047969393761,0.0247204237787,0.0553266627428
Harda,448,0.991588560442,0.0055275174237,0.0028839221341,0.0
Hoshangabad,449,0.977418186209,0.0163023789397,0.00470957613815,0.00156985871272
Betul,447,0.991958829206,0.00578964297202,0.00176905757478,0.000482470247668
Chhindwara,455,0.986373959122,0.0108044869589,0.00213337003647,0.000688183882733
Narsimhapur,452,0.980736100235,0.0161315583399,0.00281910728269,0.000313234142522
Jabalpur,451,0.9399494311,0.033185840708,0.0101137800253,0.0167509481669
Seoni,456,0.996068391698,0.00219438602908,0.00146292401938,0.000274298253634
Mandla,454,0.995351294242,0.00338087691495,0.00126782884311,0.0
Balaghat,457,0.994625985958,0.00390049406258,0.00130016468753,0.00017335529167
Dindori,453,1.0,0.0,0.0,0.0
Katni,450,0.978416149068,0.0114906832298,0.00527950310559,0.00481366459627
Umaria,431,0.990192704749,0.0098072952512,0.0,0.0
Panna,426,0.996349961287,0.00221214467426,0.00132728680456,0.000110607233713
Satna,429,0.980133835215,0.0134880803011,0.00313676286073,0.00324132162275
Banda,170,0.990092244619,0.00683293474547,0.00187905705501,0.00119576358046
Chitrakoot,171,0.993452530849,0.00554016620499,0.00100730294636,0.0
Shahdol,460,0.985220994475,0.00842541436464,0.00497237569061,0.00138121546961
Sidhi,462,0.995068222916,0.00394542166694,0.000986355416735,0.0
Rewa,430,0.984769687964,0.00916295195641,0.0037147102526,0.00235264982665
Kaushambi,174,0.974683544304,0.012274645186,0.0084388185654,0.00460299194476
Allahabad,175,0.955489171023,0.0222554144884,0.0109036594473,0.0113517550411
Sant Ravi Das Nagar(bhadohi),198,0.952380952381,0.0360983102919,0.0115207373272,0.0
Mirzapur,199,0.983643250689,0.010847107438,0.00309917355372,0.00241046831956
Singrauli,463,0.963446120397,0.0142682429678,0.0114145943742,0.0108710422612
Koriya,400,0.987626141278,0.00925036040365,0.00300336376742,0.000120134550697
Anuppur,461,0.966069546891,0.031612223393,0.00231822971549,0.0
Kabeerdham,407,0.999247554552,0.000752445447705,0.0,0.0
Bilaspur,406,0.988360999809,0.00639190994085,0.00286204922725,0.00238504102271
Korba,404,0.955912799903,0.0226525392766,0.0132748751675,0.00815978565339
Surguja,401,0.995292232183,0.00345570190815,0.00095157009065,0.0003004958181
Sonbhadra,200,0.962724935733,0.0196307548493,0.00911427903716,0.00853003038093
Garhwa,346,1.0,0.0,0.0,0.0
Jashpur,402,0.99972785413,0.000272145870186,0.0,0.0
Raigarh,403,0.989221692762,0.00760154299977,0.00204220558203,0.00113455865668
Gumla,366,1.0,0.0,0.0,0.0
Simdega,367,0.999790838737,0.000209161263334,0.0,0.0
Sundargarh,374,0.976864612044,0.0121941033993,0.00459366908878,0.00634761546814
Ranchi,364,0.967961165049,0.0223300970874,0.00744336569579,0.00226537216828
Lohardaga,356,1.0,0.0,0.0,0.0
Latehar,359,1.0,0.0,0.0,0.0
Chatra,347,0.994362079766,0.00542910837336,0.000208811860514,0.0
Palamu,358,0.996284501062,0.00371549893843,0.0,0.0
Rohtas,234,0.992933575611,0.00706642438926,0.0,0.0
Kaimur (bhabua),233,1.0,0.0,0.0,0.0
Aurangabad,235,0.997151673392,0.00284832660812,0.0,0.0
Gaya,236,0.987274155538,0.0089552238806,0.00298507462687,0.000785545954438
Bhojpur,231,0.992822185971,0.00717781402936,0.0,0.0
Arwal,240,1.0,0.0,0.0,0.0
Jehanabad,239,0.999166666667,0.000833333333333,0.0,0.0
Patna,230,0.943067484663,0.0269938650307,0.0147239263804,0.0152147239264
Buxar,232,0.994562754871,0.00543724512913,0.0,0.0
Ghazipur,195,0.992230347349,0.00639853747715,0.00137111517367,0.0
Chandauli,196,0.966901624272,0.0205332516089,0.00827459393196,0.00429053018694
Varanasi,197,0.8485,0.0595,0.0325,0.0595
Jaunpur,194,0.988318651858,0.00727690540023,0.00382995021065,0.000574492531597
Pratapgarh,173,0.986633249791,0.00814536340852,0.00355054302423,0.00167084377611
Azamgarh,191,0.989891696751,0.00685920577617,0.00306859205776,0.000180505415162
Ambedkar Nagar,178,0.990039840637,0.00996015936255,0.0,0.0
Sultanpur,179,0.988155373628,0.00783835568716,0.00365789932068,0.000348371363874
Faizabad,177,0.960515261831,0.0212825539065,0.0126015121815,0.00560067208065
Basti,185,0.981412639405,0.0114179500797,0.00663834306957,0.000531067445566
Gonda,183,0.985235661556,0.00870717395419,0.00397501419648,0.00208215029339
Sant Kabir Nagar,186,0.98898467433,0.0110153256705,0.0,0.0
Gorakhpur,188,0.958708189158,0.0200692041522,0.0106113033449,0.0106113033449
Maharajganj,187,0.998412278381,0.00158772161948,0.0,0.0
Kushinagar,189,0.993623804463,0.00637619553666,0.0,0.0
Deoria,190,0.987372218882,0.00841852074564,0.00390859891762,0.000300661455201
Mau,192,0.976754785779,0.0173199635369,0.00592525068368,0.0
Ballia,193,0.991261886405,0.0077101002313,0.00102801336417,0.0
Siwan,218,0.999305796598,0.000694203401597,0.0,0.0
Saran (chhapra),219,0.984795321637,0.0122807017544,0.00263157894737,0.000292397660819
Muzaffarpur,216,0.982051903953,0.011399466408,0.00533592044628,0.00121270919234
Gopalganj,217,0.999623635679,0.000376364320662,0.0,0.0
Purba Champaran,204,0.994796685296,0.00520331470418,0.0,0.0
Pashchim Champaran,203,0.998396267678,0.0016037323225,0.0,0.0
Siddharth Nagar,184,0.998653742596,0.00134625740442,0.0,0.0
Balrampur,182,0.990823583391,0.00734113328745,0.00183528332186,0.0
Shrawasti,181,1.0,0.0,0.0,0.0
Bahraich,180,0.991552270327,0.00703977472721,0.00140795494544,0.0
Kheri,153,0.995452748122,0.00395413206801,0.000593119810202,0.0
Sitapur,154,0.990371933527,0.00791347929306,0.00171458718016,0.0
Bara Banki,176,0.989277766539,0.00849686425248,0.00222536920898,0.0
Lucknow,157,0.850171821306,0.060824742268,0.0388316151203,0.0501718213058
Hardoi,155,0.985670809029,0.00963733198073,0.00278975399442,0.0019021049962
Rae Bareli,158,0.977514990007,0.0123251165889,0.00699533644237,0.00316455696203
Fatehpur,172,0.992417236915,0.00610319955613,0.00147956352876,0.0
Unnao,156,0.976146480766,0.0157903578028,0.00638333613304,0.00167982529817
Kanpur Nagar,164,0.929639889197,0.0307479224377,0.0138504155125,0.0257617728532
Kanpur Dehat,163,0.997131931166,0.00286806883365,0.0,0.0
Pilibhit,151,0.993702770781,0.00524769101595,0.00104953820319,0.0
Bageshwar,63,1.0,0.0,0.0,0.0
Champawat,65,1.0,0.0,0.0,0.0
Pithoragarh,62,0.998651871824,0.00134812817588,0.0,0.0
North,241,1.0,0.0,0.0,0.0
East,244,1.0,0.0,0.0,0.0
Jalpaiguri,328,0.9815747614,0.0132555673383,0.00410922587487,0.00106044538706
Koch Bihar,329,0.992753623188,0.00566123188406,0.00158514492754,0.0
Darjiling,327,0.9626754255,0.0262765004479,0.00537473872798,0.00567333532398
South,243,1.0,0.0,0.0,0.0
West,242,1.0,0.0,0.0,0.0
Kishanganj,210,0.995624502784,0.00437549721559,0.0,0.0
Uttar Dinajpur,330,0.988341025018,0.0102016031091,0.00145737187272,0.0
Purnia,211,0.985717686265,0.00952154248988,0.00428469412045,0.000476077124494
Katihar,212,0.989883662114,0.00708143651998,0.00303490136571,0.0
Araria,209,0.998354812174,0.00164518782561,0.0,0.0
Madhubani,207,0.999776735879,0.000223264121456,0.0,0.0
Sitamarhi,206,0.998352553542,0.00164744645799,0.0,0.0
Darbhanga,215,0.982793522267,0.0121457489879,0.00506072874494,0.0
Sheohar,205,1.0,0.0,0.0,0.0
Vaishali,220,0.988560157791,0.0102564102564,0.00118343195266,0.0
Samastipur,221,0.995740149095,0.00425985090522,0.0,0.0
Begusarai,222,0.949959967974,0.0328262610088,0.0128102481986,0.00440352281825
Khagaria,223,0.996365524403,0.00363447559709,0.0,0.0
Saharsa,214,0.990393412626,0.0096065873742,0.0,0.0
Supaul,208,1.0,0.0,0.0,0.0
Madhepura,213,1.0,0.0,0.0,0.0
Bhagalpur,224,0.959717097171,0.0233702337023,0.0126076260763,0.00430504305043
Sahibganj,352,0.996438746439,0.00356125356125,0.0,0.0
Godda,351,0.985033066481,0.014966933519,0.0,0.0
Banka,225,1.0,0.0,0.0,0.0
Pakur,353,0.99828104856,0.00171895143962,0.0,0.0
Dumka,362,0.99875596102,0.00124403897989,0.0,0.0
Jamtara,363,0.988265971317,0.00956106040852,0.00217296827466,0.0
Deoghar,350,0.977884615385,0.0153846153846,0.00544871794872,0.00128205128205
Jamui,238,1.0,0.0,0.0,0.0
Giridih,349,0.990928995934,0.00719424460432,0.001876759462,0.0
Munger,226,0.970652173913,0.025,0.00434782608696,0.0
Lakhisarai,227,0.998775260257,0.0012247397428,0.0,0.0
Sheikhpura,228,1.0,0.0,0.0,0.0
Nawada,237,0.996863237139,0.00313676286073,0.0,0.0
Nalanda,229,0.986351531292,0.0123169107856,0.00133155792277,0.0
Kodarma,348,0.995596099402,0.00440390059767,0.0,0.0
Hazaribagh,360,0.983463687151,0.0154189944134,0.00111731843575,0.0
Dhanbad,354,0.732935471839,0.133532264081,0.0775829914211,0.0559492726595
Bokaro,355,0.867621776504,0.0842406876791,0.0320916905444,0.0160458452722
Puruliya,340,0.98126345107,0.0150651981263,0.00341815419673,0.000253196607165
Ramgarh,361,0.816149068323,0.145962732919,0.0372670807453,0.000621118012422
Khunti,365,1.0,0.0,0.0,0.0
Pashchimi Singhbhum,368,0.997500568053,0.00249943194728,0.0,0.0
Saraikela-kharsawan,369,0.965707287201,0.0165339865279,0.0119412124923,0.00581751377832
Purbi Singhbhum,357,0.953686635945,0.0207373271889,0.00622119815668,0.0193548387097
Pashchim Medinipur,344,0.980275967155,0.0130364852281,0.00448658257852,0.00220096503852
Bankura,339,0.9763130793,0.0162489987413,0.00595033756723,0.00148758439181
Barddhaman,335,0.860070590914,0.0815211203461,0.0447455311397,0.0136627575999
Birbhum,334,0.962010015541,0.028492488344,0.00707995164911,0.00241754446555
Hugli,338,0.917963597995,0.0374571353205,0.0213663940913,0.023212872593
Haora,341,0.876117496807,0.0779054916986,0.0159642401022,0.0300127713921
North 24 Parganas,337,0.947736748064,0.02561048243,0.00863609291245,0.0180166765932
Nadia,336,0.948104215209,0.0391866130057,0.00932005930947,0.00338911247617
Kolkata,342,0.0350877192982,0.0,0.0,0.964912280702
South 24 Parganas,343,0.951429868361,0.0254198819791,0.00847329399304,0.0146769556665
Murshidabad,333,0.970122762905,0.0218902529212,0.00532465611596,0.00266232805798
Maldah,332,0.98896713615,0.00845070422535,0.00211267605634,0.000469483568075
Dakshin Dinajpur,331,0.990710968203,0.00928903179707,0.0,0.0
Purba Medinipur,345,0.956618690452,0.0227042367728,0.007500506791,0.0131765659842
Ganjam,388,0.986809166185,0.00933949547468,0.00221451954554,0.00163681879453
Puri,387,0.984879725086,0.00893470790378,0.00343642611684,0.00274914089347
Khordha,386,0.925395858709,0.0426309378806,0.0149208282582,0.0170523751523
Nayagarh,385,0.99895876718,0.00104123281966,0.0,0.0
Cuttack,381,0.940024989588,0.0301957517701,0.0179092044981,0.0118700541441
Dhenkanal,383,0.992296404989,0.005502567865,0.002201027146,0.0
Anugul,384,0.946503630111,0.0281492803465,0.0168131448223,0.00853394472042
Jajapur,382,0.975602836879,0.0241134751773,0.000283687943262,0.0
Kendujhar,375,0.990238071521,0.00936348241857,0.000398446060365,0.0
Kendrapara,379,0.991901522514,0.00809847748623,0.0,0.0
Jagatsinghapur,380,0.950971322849,0.0245143385754,0.0120259019426,0.0124884366327
Baleshwar,377,0.97653654485,0.015988372093,0.00456810631229,0.00290697674419
Bhadrak,378,0.981284285253,0.0148434979025,0.00387221684414,0.0
Mayurbhanj,376,0.994946401225,0.00283307810107,0.00130168453292,0.000918836140888
Debagarh,373,1.0,0.0,0.0,0.0
Sambalpur,372,0.979591836735,0.0112185224967,0.00668337510443,0.00250626566416
Jharsuguda,371,0.901234567901,0.0640432098765,0.0273919753086,0.00733024691358
Bargarh,370,0.991173631223,0.006068128534,0.00248241621845,0.000275824024273
Subarnapur,392,0.997285374958,0.00271462504242,0.0,0.0
Balangir,393,0.991478325306,0.00691614178091,0.00160553291342,0.0
Bauda,391,1.0,0.0,0.0,0.0
Kandhamal,390,0.998696219035,0.0013037809648,0.0,0.0
Gajapati,389,0.998783454988,0.00121654501217,0.0,0.0
Rayagada,396,0.996793454224,0.00243255196816,0.00077399380805,0.0
Kalahandi,395,0.994979508197,0.0046106557377,0.000409836065574,0.0
Nuapada,394,0.999376558603,0.000623441396509,0.0,0.0
Raipur,410,0.973983426479,0.0160596132845,0.00353311492259,0.0064238453138
Nabarangapur,397,0.998016175797,0.00198382420266,0.0,0.0
Mahasamund,411,0.995269471194,0.00405473897618,0.000675789829363,0.0
Janjgir-champa,405,0.988046166529,0.0119538334707,0.0,0.0
Durg,409,0.957966672908,0.0224677026774,0.00814454222056,0.0114210821943
Dhamtari,412,0.991877971474,0.00574484944532,0.00237717908082,0.0
Rajnandgaon,408,0.993635007459,0.00467429139731,0.00139234211835,0.000298359025361
Gondiya,507,0.989236059202,0.00702646135446,0.00269098519958,0.00104649424428
Nagpur,505,0.932600422833,0.0360253699789,0.0140380549683,0.0173361522199
Bhandara,506,0.980699120738,0.0158696118379,0.00278790478233,0.000643362642076
Garhchiroli,508,0.997498009781,0.00244512680541,5.68634140794e-05,0.0
Uttar Bastar Kanker,413,0.999172283316,0.000827716684403,0.0,0.0
Chandrapur,509,0.961361613764,0.0279590625927,0.00630376742806,0.00437555621477
Adilabad,532,0.980437845454,0.0152812398396,0.00390159315054,0.000379321556302
Narayanpur,415,1.0,0.0,0.0,0.0
Bijapur,417,1.0,0.0,0.0,0.0
Bastar,414,0.997805298636,0.00172440821445,0.000470293149396,0.0
Koraput,398,0.989444915654,0.00810479690887,0.00207332013948,0.000376967298087
Dakshin Bastar Dantewada,416,0.998226950355,0.00177304964539,0.0,0.0
Malkangiri,399,0.998155243366,0.00184475663403,0.0,0.0
Visakhapatnam,544,0.96475567526,0.0171604463255,0.00861869949981,0.00946517891497
East Godavari,545,0.958819816977,0.0286367939413,0.00859892710634,0.00394446197539
Khammam,541,0.982617692706,0.0131401965856,0.00320744956027,0.00103466114847
Warangal,540,0.979361620305,0.0134598128445,0.00371747211896,0.00346109473144
Karimnagar,534,0.955314185741,0.0310540895174,0.01049715702,0.00313456772124
Krishna,547,0.961748102005,0.0256959314775,0.00837064434495,0.00418532217247
Nalgonda,539,0.981838290937,0.0145526514931,0.00308516211654,0.000523895453752
Guntur,548,0.967439494149,0.0257286139981,0.00516025873973,0.00167163311287
Prakasam,549,0.993158388004,0.0052014995314,0.00126522961575,0.00037488284911
West Godavari,546,0.974105911069,0.0205879231667,0.00456330255757,0.000742863207047
Yanam,634,0.777777777778,0.222222222222,0.0,0.0
Vizianagaram,543,0.989935956084,0.00625190606892,0.00289722476365,0.000914913083257
Srikakulam,542,0.99043466029,0.00731467154311,0.00196933464622,0.000281333520889
Sri Potti Sriramulu Nellore,550,0.979534045566,0.0160895868194,0.00360406744755,0.000772300167332
Y.s.r.,551,0.985195154778,0.0125056078959,0.00224315836698,5.60789591745e-05
Chittoor,554,0.976282205634,0.0183602215266,0.00391283409583,0.00144473874308
Thiruvallur,602,0.768016833246,0.134928984745,0.0381378221988,0.0589163598106
Kancheepuram,604,0.807735217553,0.12346597248,0.0383042023057,0.0304946076608
Chennai,603,0.038961038961,0.0,0.0,0.961038961039
Vellore,605,0.902677569344,0.0665383998717,0.0229276895944,0.00785634118967
Tiruvannamalai,606,0.981167883212,0.0154744525547,0.0029197080292,0.00043795620438
Viluppuram,607,0.963972736125,0.0307935735151,0.00438169425511,0.000851996105161
Puducherry,635,0.456140350877,0.385964912281,0.102339181287,0.0555555555556
Cuddalore,617,0.863464923309,0.0917777219009,0.0319336183053,0.0128237364848
Nagappattinam,618,0.912453342382,0.0604004071938,0.0203596878181,0.00678656260604
Ariyalur,616,0.9663507109,0.0274881516588,0.00616113744076,0.0
Thanjavur,620,0.88583457157,0.0898959881129,0.0168400198118,0.0074294205052
Karaikal,637,0.404371584699,0.497267759563,0.0983606557377,0.0
Thiruvarur,619,0.921996303142,0.0561922365989,0.0133086876155,0.00850277264325
Virudunagar,625,0.938703339882,0.04557956778,0.0123772102161,0.00333988212181
Pudukkottai,621,0.98077969175,0.0161378059837,0.00217588395286,0.00090661831369
Ramanathapuram,626,0.989734816082,0.00919589392643,0.00106928999145,0.0
Sivaganga,622,0.978486055777,0.0169322709163,0.00398406374502,0.000597609561753
Tiruchirappalli,614,0.913310851022,0.0543542947828,0.0158698670899,0.0164649871057
Madurai,623,0.918878317476,0.0490736104156,0.0165247871808,0.0155232849274
Dindigul,612,0.96587085403,0.0254766864285,0.00496715269989,0.00368530684185
Thoothukkudi,627,0.947707604493,0.0281716074388,0.0173080464003,0.0068127416682
Tirunelveli,628,0.93499530894,0.0491891167404,0.00830987803244,0.00750569628736
Kollam,600,0.896062992126,0.0818897637795,0.0220472440945,0.0
Thiruvananthapuram,601,0.810109289617,0.132513661202,0.0273224043716,0.0300546448087
Kanniyakumari,629,0.833333333333,0.12271973466,0.0298507462687,0.014096185738
Alappuzha,598,0.810164424514,0.173393124066,0.01644245142,0.0
Pathanamthitta,599,0.997258396162,0.00274160383825,0.0,0.0
Kottayam,597,0.788990825688,0.175840978593,0.0351681957187,0.0
Idukki,596,1.0,0.0,0.0,0.0
Theni,624,0.973730297723,0.0255691768827,0.000700525394046,0.0
Tiruppur,633,0.91560561541,0.0620306888671,0.0120796604636,0.0102840352595
Coimbatore,632,0.791711868084,0.132566717292,0.0364504230853,0.0392709915383
Palakkad,593,0.96315928969,0.0278293135436,0.00662602703419,0.00238536973231
Thrissur,594,0.883712262393,0.103242638837,0.0115542303392,0.00149086843086
Ernakulam,595,0.445018450185,0.354981549815,0.0944649446494,0.105535055351
Lakshadweep,587,1.0,0.0,0.0,0.0
Dakshina Kannada,575,0.917668825162,0.0356151711378,0.0208140610546,0.0259019426457
Udupi,569,0.979889589905,0.0201104100946,0.0,0.0
Kasaragod,588,0.986504723347,0.0134952766532,0.0,0.0
Kannur,589,0.901357466063,0.0778280542986,0.0171945701357,0.00361990950226
Mahe,636,0.0,1.0,0.0,0.0
Kozhikode,591,0.911080711354,0.0478796169631,0.03146374829,0.00957592339261
Kodagu,576,0.999734183945,0.00026581605529,0.0,0.0
Chikmagalur,570,0.993696039468,0.00616691791147,0.000137042620255,0.0
Hassan,574,0.988810824876,0.00858704137393,0.00221181368722,0.000390320062451
Mysore,577,0.962092899092,0.0206887346503,0.00680726107848,0.0104111051789
Tumkur,571,0.986237810632,0.00983013526266,0.00204466813463,0.00188738597043
Mandya,573,0.971583220568,0.0226657645467,0.00405953991881,0.00169147496617
Wayanad,590,1.0,0.0,0.0,0.0
Chamrajnagar,578,0.993230028584,0.00676997141568,0.0,0.0
The Nilgiris,611,0.979517523896,0.0172963131543,0.00318616294948,0.0
Malappuram,592,0.997417355372,0.0025826446281,0.0,0.0
Erode,610,0.940435984034,0.0471292600553,0.00782929075837,0.00460546515198
Namakkal,609,0.883035967148,0.0965732087227,0.0172755593316,0.00311526479751
Salem,608,0.83910306845,0.130605822187,0.0188827694729,0.0114083398899
Karur,613,0.950559152443,0.0361977633902,0.00941730429665,0.00382577987051
Perambalur,615,0.986217457887,0.0137825421133,0.0,0.0
Dharmapuri,630,0.988374423732,0.00942072559631,0.00220485067148,0.0
Krishnagiri,631,0.969490369865,0.0207942730527,0.00562468041589,0.0040906766661
Kolar,581,0.955990734892,0.0336913034323,0.00989682038324,0.000421141292904
Bangalore Rural,583,0.889130434783,0.0934782608696,0.0163043478261,0.00108695652174
Chikkaballapura,582,0.981555733761,0.018444266239,0.0,0.0
Bangalore,572,0.40761821366,0.327933450088,0.101138353765,0.163309982487
Ramanagara,584,0.962071480671,0.0296620471675,0.00826647216144,0.0
Anantapur,553,0.985330284334,0.0102688009665,0.00345169780386,0.000949216896061
Chitradurga,566,0.989658229095,0.0079779375554,0.00157588889983,0.000787944449916
Davanagere,567,0.983134223472,0.0098383696416,0.00449754040759,0.00252986647927
Bellary,565,0.97239872915,0.0178713264496,0.00575853852264,0.00397140587768
Kurnool,552,0.986115007013,0.00949041608228,0.00303880317906,0.00135577372604
Mahbubnagar,538,0.987143503848,0.0111362607515,0.00117700316885,0.000543232231779
Raichur,559,0.983935351962,0.0110018498686,0.00369973712394,0.00136306104566
Koppal,560,0.976317347543,0.0201302545885,0.00296033155713,0.000592066311427
Bagalkot,556,0.980475594493,0.0181476846058,0.00137672090113,0.0
Gadag,561,0.988456757237,0.00941218256082,0.00213106020245,0.0
Belgaum,555,0.977884077778,0.0176430390756,0.00285767534323,0.0016152078027
Dharwad,562,0.958152388472,0.0219107777339,0.011251480458,0.00868535333597
Haveri,564,0.981360027615,0.0158784949948,0.0027614773904,0.0
Uttara Kannada,563,0.995282110533,0.00442903909108,0.000288850375505,0.0
Shimoga,568,0.985124143836,0.00856164383562,0.00406678082192,0.00224743150685
South Goa,586,0.866090712743,0.093592512599,0.0302375809935,0.0100791936645
North Goa,585,0.809851088202,0.151202749141,0.0332187857961,0.0057273768614
Kolhapur,530,0.938296131822,0.0487320322543,0.00736239336216,0.00560944256165
Sindhudurg,529,1.0,0.0,0.0,0.0
Ratnagiri,528,0.988857142857,0.00985714285714,0.00128571428571,0.0
Sangli,531,0.953000861491,0.0360869149038,0.00679620943812,0.00411601416675
Solapur,526,0.972532282775,0.0198621142482,0.00426789231779,0.00333771065879
Satara,527,0.980122818358,0.0155946994182,0.00379767291532,0.000484809308339
Pune,521,0.890933127685,0.0743637765782,0.0158642723367,0.0188388233998
Raigarh,520,0.854187689203,0.0956945845947,0.0349815001682,0.0151362260343
Ahmadnagar,522,0.968588374852,0.024246737841,0.00488730723606,0.00227758007117
Bid,523,0.984456338441,0.0101180438449,0.00403255370628,0.00139306400763
Osmanabad,525,0.988272003443,0.00979126318055,0.00161394448031,0.000322788896062
Parbhani,513,0.979844367904,0.0144151039673,0.00280648041842,0.00293404771017
Latur,524,0.977724262492,0.014208308248,0.00457555689344,0.00349187236604
Gulbarga,579,0.979564338648,0.0130249270155,0.0043416423385,0.0030690919979
Bijapur,557,0.991190457628,0.00553519918921,0.0017930926951,0.00148125048725
Yadgir,580,0.987577639752,0.0105590062112,0.00186335403727,0.0
Bidar,558,0.978264128317,0.0161894768401,0.00329785639334,0.00224853845001
Rangareddy,537,0.838504464286,0.0985491071429,0.02421875,0.0387276785714
Medak,535,0.957510472771,0.03368385056,0.0065828845003,0.00222279216893
Hyderabad,536,0.0,0.0,0.0,1.0
Nizamabad,533,0.961459754434,0.0293315143247,0.0075034106412,0.00170532060027
Nanded,511,0.985033693778,0.00885441153424,0.00289923209528,0.00321266259207
Hingoli,512,0.990191017037,0.00826019617966,0.00154878678369,0.0
Jalna,514,0.98702781237,0.0076795350768,0.00332088003321,0.00197177251972
Buldana,500,0.984251312391,0.0130822431464,0.00258311807349,8.33263894675e-05
Washim,502,0.987185497734,0.0118768557587,0.000937646507267,0.0
Akola,501,0.968858131488,0.0188054761547,0.0064690837972,0.00586730856025
Yavatmal,510,0.982600561272,0.013782351107,0.0030558154038,0.000561272217025
